1721314957610 0.5 0
1721314957645 0.5 1
1721314957673 0.5 2
1721314957701 0.5 3
1721314957733 0.5 4
1721314957765 0.5 5
1721314957799 0.5 6
1721314957829 0.5 7
1721314957864 0.5 8
1721314957893 0.5 9
1721314957922 0.5 10
1721314958002 0.5 11
1721314958042 0.5 12
1721314958069 0.5 13
1721314958103 0.5 14
1721314958132 0.5 15
1721314958167 0.5 16
1721314958195 0.5 17
1721314958221 0.5 18
1721314958249 0.5 19
1721314958281 0.5 20
1721314958312 0.5 21
1721314958339 0.5 22
1721314958365 0.5 23
1721314958396 0.5 24
1721314958424 0.5 25
1721314958450 0.5 26
1721314958482 0.5 27
1721314958509 0.5 28
1721314958536 0.5 29
1721314958564 0.5 30
1721314958591 0.5 31
1721314958617 0.5 32
1721314958647 0.5 33
1721314958678 0.5 34
1721314958705 0.5 35
1721314958730 0.5 36
1721314958760 0.5 37
1721314958788 0.5 38
1721314958819 0.5 39
1721314958855 0.5 40
1721314958887 0.5 41
1721314958914 0.5 42
1721314958947 0.5 43
1721314958975 0.5 44
1721314959005 0.5 45
1721314959031 0.5 46
1721314959059 0.5 47
1721314959091 0.5 48
1721314959119 0.5 49
1721314959145 0.5 50
1721314959173 0.5 51
1721314959212 0.5 52
1721314959246 0.5 53
1721314959273 0.5 54
1721314959311 0.5 55
1721314959343 0.5 56
1721314959374 0.5 57
1721314959402 0.5 58
1721314959434 0.5 59
1721314959463 0.5 60
1721314959492 0.5 61
1721314959519 0.5 62
1721314959548 0.5 63
1721314959577 0.5 64
1721314959605 0.5 65
1721314959638 0.5 66
1721314959665 0.5 67
1721314959707 0.5 68
1721314959744 0.5 69
1721314959776 0.5 70
1721314959808 0.5 71
1721314959842 0.5 72
1721314959874 0.5 73
1721314959905 0.5 74
1721314959944 0.5 75
1721314959973 0.5 76
1721314959998 0.5 77
1721314960031 0.5 78
1721314960066 0.5 79
1721314960095 0.5 80
1721314960122 0.5 81
1721314960156 0.5 82
1721314960191 0.5 83
1721314960259 0.5 84
1721314960296 0.5 85
1721314960329 0.5 86
1721314960361 0.5 87
1721314960397 0.5 88
1721314960445 0.5 89
1721314960484 0.5 90
1721314960528 0.5 91
1721314960560 0.5 92
1721314960595 0.5 93
1721314960633 0.5 94
1721314960667 0.5 95
1721314960712 0.5 96
1721314960750 0.5 97
1721314960790 0.5 98
1721314960831 0.5 99
1721314960873 0.5 100
1721314960909 0.5 101
1721314960947 0.5 102
1721314960979 0.5 103
1721314961010 0.5 104
1721314961046 0.5 105
1721314961078 0.5 106
1721314961117 0.5 107
1721314961151 0.5 108
1721314961190 0.5 109
1721314961220 0.5 110
1721314961254 0.5 111
1721314961287 0.5 112
1721314961318 0.5 113
1721314961353 0.5 114
1721314961391 0.5 115
1721314961424 0.5 116
1721314961453 0.5 117
1721314961488 0.5 118
1721314961516 0.5 119
1721314961552 0.5 120
1721314961588 0.5 121
1721314961616 0.5 122
1721314961655 0.5 123
1721314961695 0.5 124
1721314961728 0.5 125
1721314961759 0.5 126
1721314961838 0.5 127
1721314961876 0.5 128
1721314961911 0.5 129
1721314961960 0.5 130
1721314961992 0.5 131
1721314962023 0.5 132
1721314962051 0.5 133
1721314962081 0.5 134
1721314962116 0.5 135
1721314962153 0.5 136
1721314962182 0.5 137
1721314962213 0.5 138
1721314962246 0.5 139
1721314962286 0.5 140
1721314962317 0.5 141
1721314962353 0.5 142
1721314962386 0.5 143
1721314962424 0.5 144
1721314962459 0.5 145
1721314962490 0.5 146
1721314962521 0.5 147
1721314962559 0.5 148
1721314962596 0.5 149
1721314962627 0.5 150
1721314962658 0.5 151
1721314962693 0.5 152
1721314962726 0.5 153
1721314962756 0.5 154
1721314962790 0.5 155
1721314962825 0.5 156
1721314962858 0.5 157
1721314962893 0.5 158
1721314962924 0.5 159
1721314962958 0.5 160
1721314962993 0.5 161
1721314963031 0.5 162
1721314963064 0.5 163
1721314963097 0.5 164
1721314963135 0.5 165
1721314963166 0.5 166
1721314963246 0.5 167
1721314963282 0.5 168
1721314963313 0.5 169
1721314963348 0.5 170
1721314963389 0.5 171
1721314963420 0.5 172
1721314963451 0.5 173
1721314963495 0.5 174
1721314963536 0.5 175
1721314963579 0.5 176
1721314963614 0.5 177
1721314963653 0.5 178
1721314963691 0.5 179
1721314963722 0.5 180
1721314963754 0.5 181
1721314963800 0.5 182
1721314963832 0.5 183
1721314963878 0.5 184
1721314963913 0.5 185
1721314963948 0.5 186
1721314963991 0.5 187
1721314964027 0.5 188
1721314964058 0.5 189
1721314964103 0.5 190
1721314964148 0.5 191
1721314964183 0.5 192
1721314964218 0.5 193
1721314964251 0.5 194
1721314964281 0.5 195
1721314964315 0.5 196
1721314964354 0.5 197
1721314964391 0.5 198
1721314964421 0.5 199
1721314964455 0.5 200
1721314964533 0.5 201
1721314964574 0.5 202
1721314964614 0.5 203
1721314964642 0.5 204
1721314964670 0.5 205
1721314964696 0.5 206
1721314964729 0.5 207
1721314964768 0.5 208
1721314964800 0.5 209
1721314964829 0.5 210
1721314964861 0.5 211
1721314964896 0.5 212
1721314964930 0.5 213
1721314964958 0.5 214
1721314964984 0.5 215
1721314965020 0.5 216
1721314965048 0.5 217
1721314965080 0.5 218
1721314965113 0.5 219
1721314965148 0.5 220
1721314965179 0.5 221
1721314965208 0.5 222
1721314965238 0.5 223
1721314965266 0.5 224
1721314965296 0.5 225
1721314965325 0.5 226
1721314965354 0.5 227
1721314965387 0.5 228
1721314965416 0.5 229
1721314965448 0.5 230
1721314965545 0.5 231
1721314965574 0.5 232
1721314965604 0.5 233
1721314965630 0.5 234
1721314965665 0.5 235
1721314965699 0.5 236
1721314965735 0.5 237
1721314965763 0.5 238
1721314965799 0.5 239
1721314965833 0.5 240
1721314965870 0.5 241
1721314965908 0.5 242
1721314965940 0.5 243
1721314965969 0.5 244
1721314966000 0.5 245
1721314966030 0.5 246
1721314966060 0.5 247
1721314966090 0.5 248
1721314966118 0.5 249
1721314966151 0.5 250
1721314966179 0.5 251
1721314966213 0.5 252
1721314966248 0.5 253
1721314966278 0.5 254
1721314966309 0.5 255
1721314966337 0.5 256
1721314966406 0.5 257
1721314966444 0.5 258
1721314966473 0.5 259
1721314966500 0.5 260
1721314966530 0.5 261
1721314966564 0.5 262
1721314966600 0.5 263
1721314966630 0.5 264
1721314966660 0.5 265
1721314966692 0.5 266
1721314966720 0.5 267
1721314966748 0.5 268
1721314966782 0.5 269
1721314966817 0.5 270
1721314966849 0.5 271
1721314966879 0.5 272
1721314966911 0.5 273
1721314966941 0.5 274
1721314966975 0.5 275
1721314967006 0.5 276
1721314967049 0.5 277
1721314967084 0.5 278
1721314967114 0.5 279
1721314967149 0.5 280
1721314967183 0.5 281
1721314967260 0.5 282
1721314967306 0.5 283
1721314967334 0.5 284
1721314967379 0.5 285
1721314967415 0.5 286
1721314967450 0.5 287
1721314967489 0.5 288
1721314967524 0.5 289
1721314967555 0.5 290
1721314967582 0.5 291
1721314967616 0.5 292
1721314967652 0.5 293
1721314967682 0.5 294
1721314967712 0.5 295
1721314967743 0.5 296
1721314967770 0.5 297
1721314967797 0.5 298
1721314967830 0.5 299
1721314967898 0.5 300
1721314967938 0.5 301
1721314967966 0.5 302
1721314967994 0.5 303
1721314968025 0.5 304
1721314968056 0.5 305
1721314968084 0.5 306
1721314968112 0.5 307
1721314968140 0.5 308
1721314968177 0.5 309
1721314968205 0.5 310
1721314968233 0.5 311
1721314968268 0.5 312
1721314968301 0.5 313
1721314968333 0.5 314
1721314968364 0.5 315
1721314968399 0.5 316
1721314968430 0.5 317
1721314968458 0.5 318
1721314968485 0.5 319
1721314968524 0.5 320
1721314968552 0.5 321
1721314968623 0.5 322
1721314968659 0.5 323
1721314968685 0.5 324
1721314968716 0.5 325
1721314968744 0.5 326
1721314968775 0.5 327
1721314968802 0.5 328
1721314968829 0.5 329
1721314968863 0.5 330
1721314968893 0.5 331
1721314968921 0.5 332
1721314968949 0.5 333
1721314968978 0.5 334
1721314969007 0.5 335
1721314969043 0.5 336
1721314969075 0.5 337
1721314969103 0.5 338
1721314969137 0.5 339
1721314969163 0.5 340
1721314969193 0.5 341
1721314969223 0.5 342
1721314969282 0.5 343
1721314969318 0.5 344
1721314969347 0.5 345
1721314969388 0.5 346
1721314969418 0.5 347
1721314969449 0.5 348
1721314969478 0.5 349
1721314969507 0.5 350
1721314969537 0.5 351
1721314969569 0.5 352
1721314969597 0.5 353
1721314969630 0.5 354
1721314969662 0.5 355
1721314969690 0.5 356
1721314969718 0.5 357
1721314969753 0.5 358
1721314969790 0.5 359
1721314969821 0.5 360
1721314969852 0.5 361
1721314969880 0.5 362
1721314969913 0.5 363
1721314969948 0.5 364
1721314970020 0.5 365
1721314970051 0.5 366
1721314970086 0.5 367
1721314970115 0.5 368
1721314970148 0.5 369
1721314970175 0.5 370
1721314970205 0.5 371
1721314970234 0.5 372
1721314970266 0.5 373
1721314970299 0.5 374
1721314970326 0.5 375
1721314970360 0.5 376
1721314970390 0.5 377
1721314970416 0.5 378
1721314970444 0.5 379
1721314970473 0.5 380
1721314970500 0.5 381
1721314970533 0.5 382
1721314970565 0.5 383
1721314970594 0.5 384
1721314970703 0.5 385
1721314970761 0.5 386
1721314970789 0.5 387
1721314970816 0.5 388
1721314970847 0.5 389
1721314970879 0.5 390
1721314970914 0.5 391
1721314970948 0.5 392
1721314970981 0.5 393
1721314971016 0.5 394
1721314971049 0.5 395
1721314971083 0.5 396
1721314971112 0.5 397
1721314971150 0.5 398
1721314971180 0.5 399
1721314971213 0.5 400
1721314971242 0.5 401
1721314971270 0.5 402
1721314971303 0.5 403
1721314971368 0.5 404
1721314971407 0.5 405
1721314971434 0.5 406
1721314971467 0.5 407
1721314971494 0.5 408
1721314971524 0.5 409
1721314971550 0.5 410
1721314971584 0.5 411
1721314971619 0.5 412
1721314971646 0.5 413
1721314971676 0.5 414
1721314971711 0.5 415
1721314971741 0.5 416
1721314971769 0.5 417
1721314971797 0.5 418
1721314971831 0.5 419
1721314971861 0.5 420
1721314971893 0.5 421
1721314971922 0.5 422
1721314971957 0.5 423
1721314972029 0.5 424
1721314972057 0.5 425
1721314972089 0.5 426
1721314972118 0.5 427
1721314972146 0.5 428
1721314972175 0.5 429
1721314972204 0.5 430
1721314972237 0.5 431
1721314972270 0.5 432
1721314972297 0.5 433
1721314972403 0.5 434
1721314972473 0.5 435
1721314972501 0.5 436
1721314972539 0.5 437
1721314972576 0.5 438
1721314972604 0.5 439
1721314972632 0.5 440
1721314972665 0.5 441
1721314972698 0.5 442
1721314972737 0.5 443
1721314972765 0.5 444
1721314972799 0.5 445
1721314972829 0.5 446
1721314972860 0.5 447
1721314972889 0.5 448
1721314972918 0.5 449
1721314972946 0.5 450
1721314973011 0.5 451
1721314973048 0.5 452
1721314973076 0.5 453
1721314973108 0.5 454
1721314973142 0.5 455
1721314973173 0.5 456
1721314973202 0.5 457
1721314973229 0.5 458
1721314973258 0.5 459
1721314973289 0.5 460
1721314973318 0.5 461
1721314973346 0.5 462
1721314973376 0.5 463
1721314973403 0.5 464
1721314973436 0.5 465
1721314973463 0.5 466
1721314973496 0.5 467
1721314973556 0.5 468
1721314973589 0.5 469
1721314973617 0.5 470
1721314973646 0.5 471
1721314973677 0.5 472
1721314973705 0.5 473
1721314973738 0.5 474
1721314973765 0.5 475
1721314973800 0.5 476
1721314973832 0.5 477
1721314973867 0.5 478
1721314973896 0.5 479
1721314973926 0.5 480
1721314973956 0.5 481
1721314973987 0.5 482
1721314974019 0.5 483
1721314974127 0.5 484
1721314974197 0.5 485
1721314974232 0.5 486
1721314974264 0.5 487
1721314974296 0.5 488
1721314974324 0.5 489
1721314974351 0.5 490
1721314974383 0.5 491
1721314974411 0.5 492
1721314974439 0.5 493
1721314974473 0.5 494
1721314974508 0.5 495
1721314974541 0.5 496
1721314974569 0.5 497
1721314974598 0.5 498
1721314974628 0.5 499
1721314974661 0.5 500
1721314974690 0.5 501
1721314974747 0.5 502
1721314974785 0.5 503
1721314974824 0.5 504
1721314974856 0.5 505
1721314974887 0.5 506
1721314974917 0.5 507
1721314974947 0.5 508
1721314974979 0.5 509
1721314975006 0.5 510
1721314975040 0.5 511
1721314975066 0.5 512
1721314975094 0.5 513
1721314975129 0.5 514
1721314975164 0.5 515
1721314975193 0.5 516
1721314975226 0.5 517
1721314975300 0.5 518
1721314975333 0.5 519
1721314975360 0.5 520
1721314975450 0.5 521
1721314975512 0.5 522
1721314975543 0.5 523
1721314975577 0.5 524
1721314975606 0.5 525
1721314975639 0.5 526
1721314975666 0.5 527
1721314975699 0.5 528
1721314975727 0.5 529
1721314975761 0.5 530
1721314975796 0.5 531
1721314975835 0.5 532
1721314975906 0.5 533
1721314975936 0.5 534
1721314975969 0.5 535
1721314975996 0.5 536
1721314976029 0.5 537
1721314976072 0.5 538
1721314976102 0.5 539
1721314976137 0.5 540
1721314976170 0.5 541
1721314976203 0.5 542
1721314976232 0.5 543
1721314976261 0.5 544
1721314976295 0.5 545
1721314976324 0.5 546
1721314976351 0.5 547
1721314976410 0.5 548
1721314976446 0.5 549
1721314976477 0.5 550
1721314976507 0.5 551
1721314976541 0.5 552
1721314976574 0.5 553
1721314976608 0.5 554
1721314976638 0.5 555
1721314976675 0.5 556
1721314976705 0.5 557
1721314976735 0.5 558
1721314976763 0.5 559
1721314976801 0.5 560
1721314976828 0.5 561
1721314976895 0.5 562
1721314976932 0.5 563
1721314976962 0.5 564
1721314976994 0.5 565
1721314977025 0.5 566
1721314977056 0.5 567
1721314977087 0.5 568
1721314977113 0.5 569
1721314977148 0.5 570
1721314977184 0.5 571
1721314977213 0.5 572
1721314977246 0.5 573
1721314977276 0.5 574
1721314977304 0.5 575
1721314977366 0.5 576
1721314977400 0.5 577
1721314977427 0.5 578
1721314977463 0.5 579
1721314977500 0.5 580
1721314977529 0.5 581
1721314977559 0.5 582
1721314977587 0.5 583
1721314977615 0.5 584
1721314977646 0.5 585
1721314977679 0.5 586
1721314977715 0.5 587
1721314977745 0.5 588
1721314977828 0.5 589
1721314977856 0.5 590
1721314977883 0.5 591
1721314977911 0.5 592
1721314977946 0.5 593
1721314977977 0.5 594
1721314978007 0.75 595
1721314978035 0.75 596
1721314978063 0.75 597
1721314978094 0.75 598
1721314978123 0.75 599
1721314978155 0.75 600
1721314978189 0.75 601
1721314978221 0.75 602
1721314978250 0.75 603
1721314978284 0.75 604
1721314978338 0.75 605
1721314978377 0.75 606
1721314978407 0.75 607
1721314978435 0.75 608
1721314978462 0.75 609
1721314978491 0.75 610
1721314978520 0.75 611
1721314978553 0.75 612
1721314978593 0.75 613
1721314978625 0.75 614
1721314978662 0.75 615
1721314978691 0.75 616
1721314978729 0.75 617
1721314978765 0.75 618
1721314978800 0.75 619
1721314978837 0.75 620
1721314978866 0.75 621
1721314978953 0.75 622
1721314978980 0.75 623
1721314979010 0.75 624
1721314979046 0.75 625
1721314979080 0.75 626
1721314979110 0.75 627
1721314979145 0.75 628
1721314979179 0.75 629
1721314979216 0.75 630
1721314979245 0.75 631
1721314979276 0.75 632
1721314979311 0.75 633
1721314979344 0.75 634
1721314979377 0.75 635
1721314979413 0.75 636
1721314979495 0.75 637
1721314979531 0.75 638
1721314979564 0.75 639
1721314979601 0.75 640
1721314979635 0.75 641
1721314979663 0.75 642
1721314979694 0.75 643
1721314979729 0.75 644
1721314979762 0.75 645
1721314979796 0.75 646
1721314979827 0.75 647
1721314979872 0.75 648
1721314979906 0.75 649
1721314979945 0.75 650
1721314979979 0.75 651
1721314980013 0.75 652
1721314980059 0.75 653
1721314980100 0.75 654
1721314980178 0.75 655
1721314980224 0.75 656
1721314980263 0.75 657
1721314980292 0.75 658
1721314980336 0.75 659
1721314980380 0.75 660
1721314980457 0.75 661
1721314980486 0.75 662
1721314980521 0.75 663
1721314980553 0.75 664
1721314980589 0.75 665
1721314980650 0.75 666
1721314980690 0.75 667
1721314980723 0.75 668
1721314980755 0.75 669
1721314980789 0.75 670
1721314980818 0.75 671
1721314980846 0.75 672
1721314980876 0.75 673
1721314980909 0.75 674
1721314980941 0.75 675
1721314980970 0.75 676
1721314981028 0.75 677
1721314981091 0.75 678
1721314981125 0.75 679
1721314981167 0.75 680
1721314981205 0.75 681
1721314981237 0.75 682
1721314981263 0.75 683
1721314981296 0.75 684
1721314981331 0.75 685
1721314981360 0.75 686
1721314981393 0.75 687
1721314981424 0.75 688
1721314981459 0.75 689
1721314981520 0.75 690
1721314981553 0.75 691
1721314981578 0.75 692
1721314981617 0.75 693
1721314981657 0.75 694
1721314981685 0.75 695
1721314981714 0.75 696
1721314981744 0.75 697
1721314981777 0.75 698
1721314981808 0.75 699
1721314981835 0.75 700
1721314981864 0.75 701
1721314981896 0.75 702
1721314981928 0.75 703
1721314981989 0.75 704
1721314982024 0.75 705
1721314982055 0.75 706
1721314982092 0.75 707
1721314982119 0.75 708
1721314982154 0.75 709
1721314982179 0.75 710
1721314982209 0.75 711
1721314982243 0.75 712
1721314982275 0.75 713
1721314982306 0.75 714
1721314982338 0.75 715
1721314982365 0.75 716
1721314982430 0.75 717
1721314982461 0.75 718
1721314982496 0.75 719
1721314982524 0.75 720
1721314982563 0.75 721
1721314982589 0.75 722
1721314982623 0.75 723
1721314982655 0.75 724
1721314982683 0.75 725
1721314982711 0.75 726
1721314982745 0.75 727
1721314982779 0.75 728
1721314982809 0.75 729
1721314982836 0.75 730
1721314982868 0.75 731
1721314982895 0.75 732
1721314982960 0.75 733
1721314983004 0.75 734
1721314983036 0.75 735
1721314983070 0.75 736
1721314983095 0.75 737
1721314983128 0.75 738
1721314983164 0.75 739
1721314983193 0.75 740
1721314983222 0.75 741
1721314983252 0.75 742
1721314983280 0.75 743
1721314983312 0.75 744
1721314983345 0.75 745
1721314983379 0.75 746
1721314983411 0.75 747
1721314983483 0.75 748
1721314983515 0.75 749
1721314983545 0.75 750
1721314983580 0.75 751
1721314983614 0.75 752
1721314983643 0.75 753
1721314983673 0.75 754
1721314983700 0.75 755
1721314983727 0.75 756
1721314983763 0.75 757
1721314983793 0.75 758
1721314983819 0.75 759
1721314983849 0.75 760
1721314983881 0.75 761
1721314983959 0.75 762
1721314983993 0.75 763
1721314984026 0.75 764
1721314984057 0.75 765
1721314984086 0.75 766
1721314984117 0.75 767
1721314984146 0.75 768
1721314984177 0.75 769
1721314984203 0.75 770
1721314984230 0.75 771
1721314984260 0.75 772
1721314984300 0.75 773
1721314984327 0.75 774
1721314984362 0.75 775
1721314984396 0.75 776
1721314984426 0.75 777
1721314984455 0.75 778
1721314984488 0.75 779
1721314984553 0.75 780
1721314984591 0.75 781
1721314984619 0.75 782
1721314984647 0.75 783
1721314984679 0.75 784
1721314984718 0.75 785
1721314984749 0.75 786
1721314984780 0.75 787
1721314984812 0.75 788
1721314984847 0.75 789
1721314984878 0.75 790
1721314984913 0.75 791
1721314984981 0.75 792
1721314985019 0.75 793
1721314985047 0.75 794
1721314985076 0.75 795
1721314985108 0.75 796
1721314985137 0.75 797
1721314985174 0.75 798
1721314985203 0.75 799
1721314985230 0.75 800
1721314985260 0.75 801
1721314985295 0.75 802
1721314985325 0.75 803
1721314985366 0.75 804
1721314985434 0.75 805
1721314985466 0.75 806
1721314985500 0.75 807
1721314985529 0.75 808
1721314985564 0.75 809
1721314985594 0.75 810
1721314985623 0.75 811
1721314985652 0.75 812
1721314985680 0.75 813
1721314985712 0.75 814
1721314985747 0.75 815
1721314985814 0.75 816
1721314985855 0.75 817
1721314985886 0.75 818
1721314985919 0.75 819
1721314985947 0.75 820
1721314985987 0.75 821
1721314986017 0.75 822
1721314986048 0.75 823
1721314986084 0.75 824
1721314986115 0.75 825
1721314986141 0.75 826
1721314986169 0.75 827
1721314986208 0.75 828
1721314986289 0.75 829
1721314986318 0.75 830
1721314986346 0.75 831
1721314986378 0.75 832
1721314986407 0.75 833
1721314986435 0.75 834
1721314986468 0.75 835
1721314986494 0.75 836
1721314986522 0.75 837
1721314986552 0.75 838
1721314986582 0.75 839
1721314986616 0.75 840
1721314986645 0.75 841
1721314986708 0.75 842
1721314986742 0.75 843
1721314986779 0.75 844
1721314986816 0.75 845
1721314986846 0.75 846
1721314986872 0.75 847
1721314986904 0.75 848
1721314986937 0.75 849
1721314986971 0.75 850
1721314987000 0.75 851
1721314987026 0.75 852
1721314987055 0.75 853
1721314987087 0.75 854
1721314987164 0.75 855
1721314987196 0.75 856
1721314987227 0.75 857
1721314987261 0.75 858
1721314987296 0.75 859
1721314987334 0.75 860
1721314987361 0.75 861
1721314987395 0.75 862
1721314987429 0.75 863
1721314987458 0.75 864
1721314987487 0.75 865
1721314987522 0.75 866
1721314987557 0.75 867
1721314987592 0.75 868
1721314987622 0.75 869
1721314987658 0.75 870
1721314987693 0.75 871
1721314987782 0.75 872
1721314987819 0.75 873
1721314987849 0.75 874
1721314987882 0.75 875
1721314987915 0.75 876
1721314987956 0.75 877
1721314987984 0.75 878
1721314988012 0.75 879
1721314988044 0.75 880
1721314988078 0.75 881
1721314988107 0.75 882
1721314988136 0.75 883
1721314988209 0.75 884
1721314988240 0.75 885
1721314988270 0.75 886
1721314988308 0.75 887
1721314988350 0.75 888
1721314988382 0.75 889
1721314988411 0.75 890
1721314988440 0.75 891
1721314988474 0.75 892
1721314988506 0.75 893
1721314988536 0.75 894
1721314988566 0.75 895
1721314988599 0.75 896
1721314988629 0.75 897
1721314988657 0.75 898
1721314988697 0.75 899
1721314988725 0.75 900
1721314988758 0.75 901
1721314988824 0.75 902
1721314988861 0.75 903
1721314988888 0.75 904
1721314988916 0.75 905
1721314988949 0.75 906
1721314988976 0.75 907
1721314989004 0.75 908
1721314989034 0.75 909
1721314989065 0.75 910
1721314989094 0.75 911
1721314989126 0.75 912
1721314989161 0.75 913
1721314989193 0.75 914
1721314989234 0.75 915
1721314989262 0.75 916
1721314989292 0.75 917
1721314989329 0.75 918
1721314989366 0.75 919
1721314989394 0.75 920
1721314989430 0.75 921
1721314989493 0.75 922
1721314989524 0.75 923
1721314989556 0.75 924
1721314989588 0.75 925
1721314989620 0.75 926
1721314989648 0.75 927
1721314989681 0.75 928
1721314989709 0.75 929
1721314989743 0.75 930
1721314989774 0.75 931
1721314989816 0.75 932
1721314989844 0.75 933
1721314989873 0.75 934
1721314989903 0.75 935
1721314989943 0.75 936
1721314989983 0.75 937
1721314990043 0.75 938
1721314990079 0.75 939
1721314990116 0.75 940
1721314990150 0.75 941
1721314990177 0.75 942
1721314990204 0.75 943
1721314990233 0.75 944
1721314990266 0.75 945
1721314990298 0.75 946
1721314990327 0.75 947
1721314990370 0.75 948
1721314990410 0.75 949
1721314990446 0.75 950
1721314990475 0.75 951
1721314990506 0.75 952
1721314990573 0.75 953
1721314990611 0.75 954
1721314990640 0.75 955
1721314990670 0.75 956
1721314990698 0.75 957
1721314990733 0.75 958
1721314990770 0.75 959
1721314990799 0.75 960
1721314990832 0.75 961
1721314990861 0.75 962
1721314990889 0.75 963
1721314990921 0.75 964
1721314990952 0.75 965
1721314990987 0.75 966
1721314991024 0.75 967
1721314991051 0.75 968
1721314991118 0.75 969
1721314991158 0.75 970
1721314991190 0.75 971
1721314991219 0.75 972
1721314991252 0.75 973
1721314991286 0.75 974
1721314991318 0.75 975
1721314991348 0.75 976
1721314991389 0.75 977
1721314991430 0.75 978
1721314991464 0.75 979
1721314991492 0.75 980
1721314991526 0.75 981
1721314991556 0.75 982
1721314991590 0.75 983
1721314991621 0.75 984
1721314991726 0.75 985
1721314991762 0.75 986
1721314991792 0.75 987
1721314991823 0.75 988
1721314991850 0.75 989
1721314991886 0.75 990
1721314991916 0.75 991
1721314991947 0.75 992
1721314991979 0.75 993
1721314992012 0.75 994
1721314992051 0.75 995
1721314992080 0.75 996
1721314992115 0.75 997
1721314992143 0.75 998
1721314992172 0.75 999
