1721314957610 0.7305238842964172 0
1721314957645 0.730233907699585 1
1721314957673 0.7299456000328064 2
1721314957701 0.7296587228775024 3
1721314957733 0.7293734550476074 4
1721314957765 0.7290897369384766 5
1721314957799 0.7288076281547546 6
1721314957829 0.7285271883010864 7
1721314957864 0.7282483577728271 8
1721314957893 0.7279711961746216 9
1721314957922 0.7276957035064697 10
1721314958002 0.7274219393730164 11
1721314958042 0.7271498441696167 12
1721314958069 0.7268794775009155 13
1721314958103 0.7266108989715576 14
1721314958132 0.7263439893722534 15
1721314958167 0.726078987121582 16
1721314958195 0.7258156538009644 17
1721314958221 0.7255540490150452 18
1721314958249 0.7252943515777588 19
1721314958281 0.7250364422798157 20
1721314958312 0.724780261516571 21
1721314958339 0.7245259284973145 22
1721314958365 0.7242734432220459 23
1721314958396 0.7240226864814758 24
1721314958424 0.7237738370895386 25
1721314958450 0.7235267162322998 26
1721314958482 0.7232815027236938 27
1721314958509 0.7230379581451416 28
1721314958536 0.7227963209152222 29
1721314958564 0.7225565314292908 30
1721314958591 0.7223184704780579 31
1721314958617 0.722082257270813 32
1721314958647 0.7218478322029114 33
1721314958678 0.721615195274353 34
1721314958705 0.7213843464851379 35
1721314958730 0.7211552858352661 36
1721314958760 0.7209280133247375 37
1721314958788 0.7207024097442627 38
1721314958819 0.7204786539077759 39
1721314958855 0.7202565670013428 40
1721314958887 0.7200363278388977 41
1721314958914 0.7198177576065063 42
1721314958947 0.7196008563041687 43
1721314958975 0.7193857431411743 44
1721314959005 0.7191722989082336 45
1721314959031 0.7189604640007019 46
1721314959059 0.7187504172325134 47
1721314959091 0.7185419201850891 48
1721314959119 0.7183351516723633 49
1721314959145 0.7181299924850464 50
1721314959173 0.7179264426231384 51
1721314959212 0.7177245616912842 52
1721314959246 0.7175241708755493 53
1721314959273 0.7173254489898682 54
1721314959311 0.7171282768249512 55
1721314959343 0.7169327139854431 56
1721314959374 0.7167387008666992 57
1721314959402 0.7165461778640747 58
1721314959434 0.7163552045822144 59
1721314959463 0.7161656618118286 60
1721314959492 0.7159776091575623 61
1721314959519 0.7157911658287048 62
1721314959548 0.715606153011322 63
1721314959577 0.7154225707054138 64
1721314959605 0.7152404189109802 65
1721314959638 0.715059757232666 66
1721314959665 0.7148804664611816 67
1721314959707 0.7147025465965271 68
1721314959744 0.7145261168479919 69
1721314959776 0.7143509387969971 70
1721314959808 0.7141771912574768 71
1721314959842 0.7140048146247864 72
1721314959874 0.713833749294281 73
1721314959905 0.7136640548706055 74
1721314959944 0.7134956121444702 75
1721314959973 0.7133285403251648 76
1721314959998 0.7131627798080444 77
1721314960031 0.7129981517791748 78
1721314960066 0.7128349542617798 79
1721314960095 0.7126728892326355 80
1721314960122 0.7125121355056763 81
1721314960156 0.7123526334762573 82
1721314960191 0.7121942043304443 83
1721314960259 0.7120370864868164 84
1721314960296 0.7118810415267944 85
1721314960329 0.7117263674736023 86
1721314960361 0.7115727663040161 87
1721314960397 0.7114202976226807 88
1721314960445 0.7112690210342407 89
1721314960484 0.7111188769340515 90
1721314960528 0.7109698057174683 91
1721314960560 0.710821807384491 92
1721314960595 0.7106750011444092 93
1721314960633 0.7105292081832886 94
1721314960667 0.7103844881057739 95
1721314960712 0.7102408409118652 96
1721314960750 0.7100983262062073 97
1721314960790 0.7099567651748657 98
1721314960831 0.7098162174224854 99
1721314960873 0.7096767425537109 100
1721314960909 0.7095382213592529 101
1721314960947 0.7094007730484009 102
1721314960979 0.7092641592025757 103
1721314961010 0.709128737449646 104
1721314961046 0.7089941501617432 105
1721314961078 0.7088605761528015 106
1721314961117 0.7087278962135315 107
1721314961151 0.7085962295532227 108
1721314961190 0.7084653973579407 109
1721314961220 0.7083353996276855 110
1721314961254 0.7082064151763916 111
1721314961287 0.7080783843994141 112
1721314961318 0.7079511880874634 113
1721314961353 0.7078248262405396 114
1721314961391 0.7076993584632874 115
1721314961424 0.7075747847557068 116
1721314961453 0.7074509859085083 117
1721314961488 0.7073280811309814 118
1721314961516 0.7072058916091919 119
1721314961552 0.7070846557617188 120
1721314961588 0.7069641947746277 121
1721314961616 0.7068445086479187 122
1721314961655 0.7067255973815918 123
1721314961695 0.7066075205802917 124
1721314961728 0.706490159034729 125
1721314961759 0.7063736319541931 126
1721314961838 0.7062578201293945 127
1721314961876 0.7061427235603333 128
1721314961911 0.7060284614562988 129
1721314961960 0.7059148550033569 130
1721314961992 0.7058019638061523 131
1721314962023 0.7056897878646851 132
1721314962051 0.7055783271789551 133
1721314962081 0.7054675817489624 134
1721314962116 0.7053574323654175 135
1721314962153 0.7052481174468994 136
1721314962182 0.7051393985748291 137
1721314962213 0.7050312757492065 138
1721314962246 0.7049239277839661 139
1721314962286 0.7048172354698181 140
1721314962317 0.7047110795974731 141
1721314962353 0.7046056389808655 142
1721314962386 0.7045008540153503 143
1721314962424 0.7043966054916382 144
1721314962459 0.7042929530143738 145
1721314962490 0.7041900157928467 146
1721314962521 0.7040876150131226 147
1721314962559 0.7039857506752014 148
1721314962596 0.703884482383728 149
1721314962627 0.7037839293479919 150
1721314962658 0.7036838531494141 151
1721314962693 0.7035842537879944 152
1721314962726 0.703485369682312 153
1721314962756 0.7033869624137878 154
1721314962790 0.7032891511917114 155
1721314962825 0.7031918168067932 156
1721314962858 0.703095018863678 157
1721314962893 0.7029987573623657 158
1721314962924 0.7029029726982117 159
1721314962958 0.7028077244758606 160
1721314962993 0.7027130126953125 161
1721314963031 0.7026187181472778 162
1721314963064 0.7025250196456909 163
1721314963097 0.7024317979812622 164
1721314963135 0.7023389935493469 165
1721314963166 0.7022466659545898 166
1721314963246 0.7021548748016357 167
1721314963282 0.7020635008811951 168
1721314963313 0.7019726037979126 169
1721314963348 0.7018821835517883 170
1721314963389 0.7017921209335327 171
1721314963420 0.7017025947570801 172
1721314963451 0.7016134858131409 173
1721314963495 0.7015247941017151 174
1721314963536 0.7014365196228027 175
1721314963579 0.7013486623764038 176
1721314963614 0.7012612223625183 177
1721314963653 0.7011741995811462 178
1721314963691 0.7010875940322876 179
1721314963722 0.7010014057159424 180
1721314963754 0.700915515422821 181
1721314963800 0.7008301615715027 182
1721314963832 0.7007450461387634 183
1721314963878 0.7006603479385376 184
1721314963913 0.7005760669708252 185
1721314963948 0.7004921436309814 186
1721314963991 0.7004086375236511 187
1721314964027 0.7003254890441895 188
1721314964058 0.7002426385879517 189
1721314964103 0.7001601457595825 190
1721314964148 0.7000779509544373 191
1721314964183 0.6999961137771606 192
1721314964218 0.6999146938323975 193
1721314964251 0.6998335719108582 194
1721314964281 0.6997527480125427 195
1721314964315 0.6996723413467407 196
1721314964354 0.6995921730995178 197
1721314964391 0.6995123624801636 198
1721314964421 0.699432909488678 199
1721314964455 0.6993536353111267 200
1721314964533 0.6992747187614441 201
1721314964574 0.6991961598396301 202
1721314964614 0.6991178393363953 203
1721314964642 0.699039876461029 204
1721314964670 0.6989621520042419 205
1721314964696 0.6988847255706787 206
1721314964729 0.6988075375556946 207
1721314964768 0.6987306475639343 208
1721314964800 0.6986541748046875 209
1721314964829 0.6985778212547302 210
1721314964861 0.6985017657279968 211
1721314964896 0.6984260082244873 212
1721314964930 0.6983504295349121 213
1721314964958 0.6982751488685608 214
1721314964984 0.6982002258300781 215
1721314965020 0.6981254816055298 216
1721314965048 0.6980509161949158 217
1721314965080 0.6979765892028809 218
1721314965113 0.6979026198387146 219
1721314965148 0.6978288292884827 220
1721314965179 0.6977552175521851 221
1721314965208 0.6976819634437561 222
1721314965238 0.6976088285446167 223
1721314965266 0.6975359916687012 224
1721314965296 0.6974632740020752 225
1721314965325 0.6973909735679626 226
1721314965354 0.6973186731338501 227
1721314965387 0.6972466111183167 228
1721314965416 0.6971749067306519 229
1721314965448 0.6971033215522766 230
1721314965545 0.6970319151878357 231
1721314965574 0.6969606876373291 232
1721314965604 0.6968897581100464 233
1721314965630 0.6968189477920532 234
1721314965665 0.6967483758926392 235
1721314965699 0.6966779828071594 236
1721314965735 0.6966077089309692 237
1721314965763 0.6965377330780029 238
1721314965799 0.6964678764343262 239
1721314965833 0.6963981986045837 240
1721314965870 0.6963286399841309 241
1721314965908 0.6962593793869019 242
1721314965940 0.6961901783943176 243
1721314965969 0.6961212158203125 244
1721314966000 0.6960524320602417 245
1721314966030 0.6959838271141052 246
1721314966060 0.6959152817726135 247
1721314966090 0.6958469152450562 248
1721314966118 0.6957787275314331 249
1721314966151 0.6957106590270996 250
1721314966179 0.6956428289413452 251
1721314966213 0.6955751180648804 252
1721314966248 0.6955075263977051 253
1721314966278 0.6954401135444641 254
1721314966309 0.6953727602958679 255
1721314966337 0.6953057050704956 256
1721314966406 0.6952385902404785 257
1721314966444 0.6951717138290405 258
1721314966473 0.6951050162315369 259
1721314966500 0.6950383186340332 260
1721314966530 0.6949718594551086 261
1721314966564 0.6949055194854736 262
1721314966600 0.6948392391204834 263
1721314966630 0.6947730779647827 264
1721314966660 0.6947070360183716 265
1721314966692 0.6946412324905396 266
1721314966720 0.6945754289627075 267
1721314966748 0.694509744644165 268
1721314966782 0.6944442987442017 269
1721314966817 0.6943787932395935 270
1721314966849 0.6943134665489197 271
1721314966879 0.6942481994628906 272
1721314966911 0.6941831111907959 273
1721314966941 0.6941180229187012 274
1721314966975 0.694053053855896 275
1721314967006 0.6939882636070251 276
1721314967049 0.6939235329627991 277
1721314967084 0.6938588619232178 278
1721314967114 0.6937942504882812 279
1721314967149 0.6937297582626343 280
1721314967183 0.6936654448509216 281
1721314967260 0.693601131439209 282
1721314967306 0.6935369372367859 283
1721314967334 0.6934727430343628 284
1721314967379 0.6934086680412292 285
1721314967415 0.6933447122573853 286
1721314967450 0.6932806968688965 287
1721314967489 0.6932169198989868 288
1721314967524 0.6931530833244324 289
1721314967555 0.6930893659591675 290
1721314967582 0.6930257678031921 291
1721314967616 0.6929620504379272 292
1721314967652 0.6928985714912415 293
1721314967682 0.6928351521492004 294
1721314967712 0.6927716732025146 295
1721314967743 0.6927083730697632 296
1721314967770 0.6926450729370117 297
1721314967797 0.6925817728042603 298
1721314967830 0.6925185918807983 299
1721314967898 0.6924554705619812 300
1721314967938 0.6923924088478088 301
1721314967966 0.6923293471336365 302
1721314967994 0.6922663450241089 303
1721314968025 0.6922034025192261 304
1721314968056 0.6921404004096985 305
1721314968084 0.6920775175094604 306
1721314968112 0.6920146942138672 307
1721314968140 0.6919518113136292 308
1721314968177 0.6918890476226807 309
1721314968205 0.6918262839317322 310
1721314968233 0.6917635202407837 311
1721314968268 0.6917008757591248 312
1721314968301 0.6916381120681763 313
1721314968333 0.6915754675865173 314
1721314968364 0.6915128231048584 315
1721314968399 0.6914501786231995 316
1721314968430 0.6913875937461853 317
1721314968458 0.6913250684738159 318
1721314968485 0.6912624835968018 319
1721314968524 0.691199779510498 320
1721314968552 0.6911373138427734 321
1721314968623 0.6910747289657593 322
1721314968659 0.6910122036933899 323
1721314968685 0.6909496188163757 324
1721314968716 0.6908870935440063 325
1721314968744 0.6908246278762817 326
1721314968775 0.6907620429992676 327
1721314968802 0.6906994581222534 328
1721314968829 0.690636932849884 329
1721314968863 0.6905743479728699 330
1721314968893 0.6905118227005005 331
1721314968921 0.6904492378234863 332
1721314968949 0.6903866529464722 333
1721314968978 0.6903240084648132 334
1721314969007 0.6902613639831543 335
1721314969043 0.6901987195014954 336
1721314969075 0.6901360750198364 337
1721314969103 0.6900733709335327 338
1721314969137 0.690010666847229 339
1721314969163 0.6899479627609253 340
1721314969193 0.6898851990699768 341
1721314969223 0.6898224353790283 342
1721314969282 0.6897595524787903 343
1721314969318 0.689696729183197 344
1721314969347 0.6896337866783142 345
1721314969388 0.6895709037780762 346
1721314969418 0.6895079612731934 347
1721314969449 0.689444899559021 348
1721314969478 0.6893818378448486 349
1721314969507 0.6893187165260315 350
1721314969537 0.6892555952072144 351
1721314969569 0.6891924142837524 352
1721314969597 0.6891292333602905 353
1721314969630 0.6890659332275391 354
1721314969662 0.6890025734901428 355
1721314969690 0.6889391541481018 356
1721314969718 0.6888757348060608 357
1721314969753 0.688812255859375 358
1721314969790 0.6887485980987549 359
1721314969821 0.6886849403381348 360
1721314969852 0.6886212825775146 361
1721314969880 0.6885574460029602 362
1721314969913 0.6884936094284058 363
1721314969948 0.6884297132492065 364
1721314970020 0.6883657574653625 365
1721314970051 0.6883015632629395 366
1721314970086 0.6882374882698059 367
1721314970115 0.6881732940673828 368
1721314970148 0.6881089210510254 369
1721314970175 0.688044548034668 370
1721314970205 0.687980055809021 371
1721314970234 0.6879155039787292 372
1721314970266 0.6878508925437927 373
1721314970299 0.6877861618995667 374
1721314970326 0.6877213716506958 375
1721314970360 0.6876564025878906 376
1721314970390 0.6875913739204407 377
1721314970416 0.6875262260437012 378
1721314970444 0.6874610185623169 379
1721314970473 0.6873956918716431 380
1721314970500 0.6873302459716797 381
1721314970533 0.6872646808624268 382
1721314970565 0.6871991157531738 383
1721314970594 0.6871333122253418 384
1721314970703 0.6870673894882202 385
1721314970761 0.6870014071464539 386
1721314970789 0.686935305595398 387
1721314970816 0.6868690252304077 388
1721314970847 0.6868027448654175 389
1721314970879 0.6867362260818481 390
1721314970914 0.6866695880889893 391
1721314970948 0.6866028904914856 392
1721314970981 0.6865360140800476 393
1721314971016 0.6864690780639648 394
1721314971049 0.6864019632339478 395
1721314971083 0.6863346695899963 396
1721314971112 0.6862672567367554 397
1721314971150 0.6861997246742249 398
1721314971180 0.68613201379776 399
1721314971213 0.6860641837120056 400
1721314971242 0.6859962940216064 401
1721314971270 0.6859281659126282 402
1721314971303 0.6858597993850708 403
1721314971368 0.6857914328575134 404
1721314971407 0.685722827911377 405
1721314971434 0.6856541633605957 406
1721314971467 0.6855852603912354 407
1721314971494 0.6855161190032959 408
1721314971524 0.6854468584060669 409
1721314971550 0.6853775382041931 410
1721314971584 0.6853079795837402 411
1721314971619 0.685238242149353 412
1721314971646 0.6851683855056763 413
1721314971676 0.6850983500480652 414
1721314971711 0.685028076171875 415
1721314971741 0.6849575638771057 416
1721314971769 0.6848869919776917 417
1721314971797 0.6848162412643433 418
1721314971831 0.684745192527771 419
1721314971861 0.6846740245819092 420
1721314971893 0.6846027374267578 421
1721314971922 0.6845311522483826 422
1721314971957 0.684459388256073 423
1721314972029 0.6843875050544739 424
1721314972057 0.6843153238296509 425
1721314972089 0.6842430233955383 426
1721314972118 0.6841704845428467 427
1721314972146 0.6840976476669312 428
1721314972175 0.6840247511863708 429
1721314972204 0.6839515566825867 430
1721314972237 0.6838781833648682 431
1721314972270 0.6838046312332153 432
1721314972297 0.6837307214736938 433
1721314972403 0.6836568117141724 434
1721314972473 0.6835824847221375 435
1721314972501 0.683508038520813 436
1721314972539 0.6834332942962646 437
1721314972576 0.683358371257782 438
1721314972604 0.6832832098007202 439
1721314972632 0.6832078695297241 440
1721314972665 0.6831321716308594 441
1721314972698 0.6830563545227051 442
1721314972737 0.6829801797866821 443
1721314972765 0.6829038858413696 444
1721314972799 0.6828272342681885 445
1721314972829 0.6827504634857178 446
1721314972860 0.6826733350753784 447
1721314972889 0.68259596824646 448
1721314972918 0.6825183629989624 449
1721314972946 0.682440459728241 450
1721314973011 0.68236243724823 451
1721314973048 0.6822840571403503 452
1721314973076 0.6822053790092468 453
1721314973108 0.6821264624595642 454
1721314973142 0.6820472478866577 455
1721314973173 0.6819678544998169 456
1721314973202 0.6818881630897522 457
1721314973229 0.6818081140518188 458
1721314973258 0.6817278861999512 459
1721314973289 0.6816473007202148 460
1721314973318 0.6815664768218994 461
1721314973346 0.6814854145050049 462
1721314973376 0.6814039349555969 463
1721314973403 0.6813223361968994 464
1721314973436 0.6812402606010437 465
1721314973463 0.6811580657958984 466
1721314973496 0.6810754537582397 467
1721314973556 0.6809925436973572 468
1721314973589 0.6809093952178955 469
1721314973617 0.68082594871521 470
1721314973646 0.6807421445846558 471
1721314973677 0.6806580424308777 472
1721314973705 0.680573582649231 473
1721314973738 0.6804889440536499 474
1721314973765 0.6804039478302002 475
1721314973800 0.6803184747695923 476
1721314973832 0.68023282289505 477
1721314973867 0.6801468133926392 478
1721314973896 0.6800605058670044 479
1721314973926 0.679973840713501 480
1721314973956 0.6798869371414185 481
1721314973987 0.6797996163368225 482
1721314974019 0.6797119975090027 483
1721314974127 0.6796239614486694 484
1721314974197 0.6795356869697571 485
1721314974232 0.6794469952583313 486
1721314974264 0.6793579459190369 487
1721314974296 0.6792686581611633 488
1721314974324 0.6791790127754211 489
1721314974351 0.679088830947876 490
1721314974383 0.6789984703063965 491
1721314974411 0.6789076328277588 492
1721314974439 0.678816556930542 493
1721314974473 0.6787251234054565 494
1721314974508 0.6786333322525024 495
1721314974541 0.6785410642623901 496
1721314974569 0.678448498249054 497
1721314974598 0.6783555150032043 498
1721314974628 0.6782621741294861 499
1721314974661 0.678168535232544 500
1721314974690 0.6780743598937988 501
1721314974747 0.6779798865318298 502
1721314974785 0.6778850555419922 503
1721314974824 0.6777899265289307 504
1721314974856 0.6776942610740662 505
1721314974887 0.677598237991333 506
1721314974917 0.677501916885376 507
1721314974947 0.6774051189422607 508
1721314974979 0.6773079037666321 509
1721314975006 0.6772103309631348 510
1721314975040 0.677112340927124 511
1721314975066 0.6770139336585999 512
1721314975094 0.6769151091575623 513
1721314975129 0.6768159866333008 514
1721314975164 0.6767163872718811 515
1721314975193 0.6766163110733032 516
1721314975226 0.6765158772468567 517
1721314975300 0.6764150261878967 518
1721314975333 0.6763136982917786 519
1721314975360 0.676211953163147 520
1721314975450 0.6761099100112915 521
1721314975512 0.6760073304176331 522
1721314975543 0.675904393196106 523
1721314975577 0.6758009791374207 524
1721314975606 0.6756970882415771 525
1721314975639 0.675592839717865 526
1721314975666 0.6754881143569946 527
1721314975699 0.6753829717636108 528
1721314975727 0.6752774715423584 529
1721314975761 0.6751713156700134 530
1721314975796 0.6750648617744446 531
1721314975835 0.6749579310417175 532
1721314975906 0.674850583076477 533
1721314975936 0.6747426986694336 534
1721314975969 0.6746343970298767 535
1721314975996 0.6745256185531616 536
1721314976029 0.6744164228439331 537
1721314976072 0.6743067502975464 538
1721314976102 0.6741966009140015 539
1721314976137 0.6740860342979431 540
1721314976170 0.6739749312400818 541
1721314976203 0.673863410949707 542
1721314976232 0.6737513542175293 543
1721314976261 0.6736389398574829 544
1721314976295 0.6735259294509888 545
1721314976324 0.6734125018119812 546
1721314976351 0.6732985973358154 547
1721314976410 0.6731841564178467 548
1721314976446 0.6730692386627197 549
1721314976477 0.6729538440704346 550
1721314976507 0.6728379726409912 551
1721314976541 0.6727216243743896 552
1721314976574 0.6726047992706299 553
1721314976608 0.6724874377250671 554
1721314976638 0.6723695993423462 555
1721314976675 0.672251284122467 556
1721314976705 0.6721324324607849 557
1721314976735 0.6720130443572998 558
1721314976763 0.6718932390213013 559
1721314976801 0.6717729568481445 560
1721314976828 0.6716520190238953 561
1721314976895 0.6715306639671326 562
1721314976932 0.6714087128639221 563
1721314976962 0.6712863445281982 564
1721314976994 0.6711634397506714 565
1721314977025 0.6710399985313416 566
1721314977056 0.6709160804748535 567
1721314977087 0.6707915663719177 568
1721314977113 0.6706666350364685 569
1721314977148 0.6705411076545715 570
1721314977184 0.6704150438308716 571
1721314977213 0.6702885031700134 572
1721314977246 0.6701613664627075 573
1721314977276 0.6700337529182434 574
1721314977304 0.6699055433273315 575
1721314977366 0.6697769165039062 576
1721314977400 0.6696476936340332 577
1721314977427 0.6695178747177124 578
1721314977463 0.6693875789642334 579
1721314977500 0.6692567467689514 580
1721314977529 0.6691253185272217 581
1721314977559 0.668993353843689 582
1721314977587 0.668860912322998 583
1721314977615 0.6687278747558594 584
1721314977646 0.668594241142273 585
1721314977679 0.6684601902961731 586
1721314977715 0.6683254241943359 587
1721314977745 0.6681901812553406 588
1721314977828 0.6680544018745422 589
1721314977856 0.6679180860519409 590
1721314977883 0.6677811741828918 591
1721314977911 0.6676437258720398 592
1721314977946 0.6675422787666321 593
1721314977977 0.6673966646194458 594
1721314978007 0.6672406196594238 595
1721314978035 0.6671085357666016 596
1721314978063 0.6669752597808838 597
1721314978094 0.6668407917022705 598
1721314978123 0.6667051315307617 599
1721314978155 0.6665684580802917 600
1721314978189 0.6664307117462158 601
1721314978221 0.6662920117378235 602
1721314978250 0.66615229845047 603
1721314978284 0.6660117506980896 604
1721314978338 0.6658702492713928 605
1721314978377 0.6657279133796692 606
1721314978407 0.6655846834182739 607
1721314978435 0.6654407382011414 608
1721314978462 0.6652959585189819 609
1721314978491 0.6651504039764404 610
1721314978520 0.6650041341781616 611
1721314978553 0.6648571491241455 612
1721314978593 0.6647300720214844 613
1721314978625 0.6645689010620117 614
1721314978662 0.6644269227981567 615
1721314978691 0.6642862558364868 616
1721314978729 0.664143979549408 617
1721314978765 0.6640003323554993 618
1721314978800 0.6638553738594055 619
1721314978837 0.6637090444564819 620
1721314978866 0.6635615825653076 621
1721314978953 0.6634129285812378 622
1721314978980 0.663263201713562 623
1721314979010 0.6631122827529907 624
1721314979046 0.6629605293273926 625
1721314979080 0.662807822227478 626
1721314979110 0.6626539826393127 627
1721314979145 0.6624994277954102 628
1721314979179 0.6623439192771912 629
1721314979216 0.6621876358985901 630
1721314979245 0.6620303988456726 631
1721314979276 0.6618725061416626 632
1721314979311 0.6617462635040283 633
1721314979344 0.6615797877311707 634
1721314979377 0.6614115238189697 635
1721314979413 0.6612610816955566 636
1721314979495 0.6611089706420898 637
1721314979531 0.6609551310539246 638
1721314979564 0.6607999205589294 639
1721314979601 0.6606432199478149 640
1721314979635 0.6604852080345154 641
1721314979663 0.6603258848190308 642
1721314979694 0.660165548324585 643
1721314979729 0.6600038409233093 644
1721314979762 0.6598411202430725 645
1721314979796 0.6596773266792297 646
1721314979827 0.6595126390457153 647
1721314979872 0.6593469977378845 648
1721314979906 0.659181535243988 649
1721314979945 0.6590194702148438 650
1721314979979 0.6588571071624756 651
1721314980013 0.6586933135986328 652
1721314980059 0.658528208732605 653
1721314980100 0.6583619117736816 654
1721314980178 0.658210039138794 655
1721314980224 0.6580327153205872 656
1721314980263 0.657869279384613 657
1721314980292 0.6577042937278748 658
1721314980336 0.6575376987457275 659
1721314980380 0.6573696732521057 660
1721314980457 0.657200276851654 661
1721314980486 0.6570295691490173 662
1721314980521 0.6568592190742493 663
1721314980553 0.6566919088363647 664
1721314980589 0.6565244793891907 665
1721314980650 0.6563553810119629 666
1721314980690 0.6561845541000366 667
1721314980723 0.6560122966766357 668
1721314980755 0.6558386087417603 669
1721314980789 0.6556637287139893 670
1721314980818 0.6555016040802002 671
1721314980846 0.6553177833557129 672
1721314980876 0.6551462411880493 673
1721314980909 0.654973030090332 674
1721314980941 0.6547980904579163 675
1721314980970 0.6546216011047363 676
1721314981028 0.6544438600540161 677
1721314981091 0.6542726755142212 678
1721314981125 0.6540994644165039 679
1721314981167 0.6539244055747986 680
1721314981205 0.6537474989891052 681
1721314981237 0.6535688638687134 682
1721314981263 0.6533887386322021 683
1721314981296 0.6532072424888611 684
1721314981331 0.6530276536941528 685
1721314981360 0.652848482131958 686
1721314981393 0.6526705622673035 687
1721314981424 0.6524908542633057 688
1721314981459 0.6523093581199646 689
1721314981520 0.6521261930465698 690
1721314981553 0.6519451141357422 691
1721314981578 0.6517640352249146 692
1721314981617 0.6515844464302063 693
1721314981657 0.6514028310775757 694
1721314981685 0.6512192487716675 695
1721314981714 0.6510339379310608 696
1721314981744 0.6508468985557556 697
1721314981777 0.6508078575134277 698
1721314981808 0.6507242918014526 699
1721314981835 0.6505873203277588 700
1721314981864 0.6504054069519043 701
1721314981896 0.6501857042312622 702
1721314981928 0.6499707102775574 703
1721314981989 0.6498141288757324 704
1721314982024 0.649686336517334 705
1721314982055 0.6495510339736938 706
1721314982092 0.6494089961051941 707
1721314982119 0.6492606997489929 708
1721314982154 0.6491068601608276 709
1721314982179 0.6489478945732117 710
1721314982209 0.6487842798233032 711
1721314982243 0.6486163139343262 712
1721314982275 0.6484445333480835 713
1721314982306 0.648285984992981 714
1721314982338 0.6481617093086243 715
1721314982365 0.648027777671814 716
1721314982430 0.6478577256202698 717
1721314982461 0.6476894021034241 718
1721314982496 0.6475294828414917 719
1721314982524 0.6473783254623413 720
1721314982563 0.6472394466400146 721
1721314982589 0.6471039056777954 722
1721314982623 0.6469610929489136 723
1721314982655 0.6468116641044617 724
1721314982683 0.6466561555862427 725
1721314982711 0.6464951038360596 726
1721314982745 0.6463497877120972 727
1721314982779 0.6461719274520874 728
1721314982809 0.6460093259811401 729
1721314982836 0.6459391117095947 730
1721314982868 0.6457870602607727 731
1721314982895 0.6455507278442383 732
1721314982960 0.6454692482948303 733
1721314983004 0.6453757286071777 734
1721314983036 0.6452317237854004 735
1721314983070 0.6450434923171997 736
1721314983095 0.6448273062705994 737
1721314983128 0.6446818709373474 738
1721314983164 0.6445292234420776 739
1721314983193 0.6444282531738281 740
1721314983222 0.6442632675170898 741
1721314983252 0.6440681219100952 742
1721314983280 0.6439128518104553 743
1721314983312 0.6437908411026001 744
1721314983345 0.6436501145362854 745
1721314983379 0.6434655785560608 746
1721314983411 0.6432891488075256 747
1721314983483 0.643203854560852 748
1721314983515 0.6430566310882568 749
1721314983545 0.6428314447402954 750
1721314983580 0.6427294015884399 751
1721314983614 0.6426278948783875 752
1721314983643 0.6424801349639893 753
1721314983673 0.6422916054725647 754
1721314983700 0.6421352624893188 755
1721314983727 0.6419909000396729 756
1721314983763 0.6418386697769165 757
1721314983793 0.6417409181594849 758
1721314983819 0.6415807008743286 759
1721314983849 0.6413760185241699 760
1721314983881 0.6412195563316345 761
1721314983959 0.6410563588142395 762
1721314983993 0.6409338712692261 763
1721314984026 0.6407893896102905 764
1721314984057 0.6406036615371704 765
1721314984086 0.640434741973877 766
1721314984117 0.6403022408485413 767
1721314984146 0.6401087641716003 768
1721314984177 0.6399602890014648 769
1721314984203 0.6398072242736816 770
1721314984230 0.6396620869636536 771
1721314984260 0.6395147442817688 772
1721314984300 0.6393656730651855 773
1721314984327 0.6392196416854858 774
1721314984362 0.6390781402587891 775
1721314984396 0.6389257907867432 776
1721314984426 0.6387715935707092 777
1721314984455 0.6386097073554993 778
1721314984488 0.6384795904159546 779
1721314984553 0.6383215188980103 780
1721314984591 0.6382165551185608 781
1721314984619 0.6380686163902283 782
1721314984647 0.6378806829452515 783
1721314984679 0.6377252340316772 784
1721314984718 0.6375807523727417 785
1721314984749 0.6374330520629883 786
1721314984780 0.6372889280319214 787
1721314984812 0.6371482610702515 788
1721314984847 0.636989414691925 789
1721314984878 0.6368377208709717 790
1721314984913 0.6366811394691467 791
1721314984981 0.6365461945533752 792
1721314985019 0.6363756656646729 793
1721314985047 0.6362051367759705 794
1721314985076 0.636076807975769 795
1721314985108 0.6359071731567383 796
1721314985137 0.6357588768005371 797
1721314985174 0.635664701461792 798
1721314985203 0.635504961013794 799
1721314985230 0.6353065967559814 800
1721314985260 0.6351653337478638 801
1721314985295 0.6350231170654297 802
1721314985325 0.6348487138748169 803
1721314985366 0.6346898078918457 804
1721314985434 0.6345729231834412 805
1721314985466 0.6344025135040283 806
1721314985500 0.6342579126358032 807
1721314985529 0.6340996623039246 808
1721314985564 0.6339421272277832 809
1721314985594 0.6337947845458984 810
1721314985623 0.6336464285850525 811
1721314985652 0.633488655090332 812
1721314985680 0.6333429217338562 813
1721314985712 0.6331886649131775 814
1721314985747 0.6330525875091553 815
1721314985814 0.632877767086029 816
1721314985855 0.6327319145202637 817
1721314985886 0.6325811147689819 818
1721314985919 0.6324213743209839 819
1721314985947 0.6323028802871704 820
1721314985987 0.6321548223495483 821
1721314986017 0.6319676041603088 822
1721314986048 0.6318948864936829 823
1721314986084 0.6317585706710815 824
1721314986115 0.6315550804138184 825
1721314986141 0.6313944458961487 826
1721314986169 0.6312777996063232 827
1721314986208 0.6311215758323669 828
1721314986289 0.6309748888015747 829
1721314986318 0.6308181285858154 830
1721314986346 0.6306599378585815 831
1721314986378 0.6304901838302612 832
1721314986407 0.6303236484527588 833
1721314986435 0.6301594972610474 834
1721314986468 0.630029022693634 835
1721314986494 0.6298616528511047 836
1721314986522 0.6297125816345215 837
1721314986552 0.6295837163925171 838
1721314986582 0.6294275522232056 839
1721314986616 0.6292744874954224 840
1721314986645 0.62911456823349 841
1721314986708 0.628960371017456 842
1721314986742 0.6288126707077026 843
1721314986779 0.6286834478378296 844
1721314986816 0.6285326480865479 845
1721314986846 0.6283829212188721 846
1721314986872 0.6282182931900024 847
1721314986904 0.6280799508094788 848
1721314986937 0.6279321908950806 849
1721314986971 0.6277859210968018 850
1721314987000 0.6276289224624634 851
1721314987026 0.6274623274803162 852
1721314987055 0.627316415309906 853
1721314987087 0.6271721124649048 854
1721314987164 0.6270231008529663 855
1721314987196 0.626851499080658 856
1721314987227 0.6267082095146179 857
1721314987261 0.626563549041748 858
1721314987296 0.6264094114303589 859
1721314987334 0.6262533068656921 860
1721314987361 0.6261025071144104 861
1721314987395 0.6259473562240601 862
1721314987429 0.6258069276809692 863
1721314987458 0.6256623268127441 864
1721314987487 0.6255157589912415 865
1721314987522 0.6253529787063599 866
1721314987557 0.6252274513244629 867
1721314987592 0.6250500082969666 868
1721314987622 0.6249521970748901 869
1721314987658 0.6248261332511902 870
1721314987693 0.624657154083252 871
1721314987782 0.6244499087333679 872
1721314987819 0.6243820190429688 873
1721314987849 0.6242678761482239 874
1721314987882 0.6240878105163574 875
1721314987915 0.6238620281219482 876
1721314987956 0.6237221956253052 877
1721314987984 0.6235872507095337 878
1721314988012 0.623420238494873 879
1721314988044 0.623262882232666 880
1721314988078 0.6230976581573486 881
1721314988107 0.6229515671730042 882
1721314988136 0.6228004693984985 883
1721314988209 0.6226383447647095 884
1721314988240 0.6225067973136902 885
1721314988270 0.6223675608634949 886
1721314988308 0.622215986251831 887
1721314988350 0.6220536231994629 888
1721314988382 0.6219006180763245 889
1721314988411 0.6217383146286011 890
1721314988440 0.6216017603874207 891
1721314988474 0.6214749813079834 892
1721314988506 0.6213266849517822 893
1721314988536 0.6211500763893127 894
1721314988566 0.6210296750068665 895
1721314988599 0.6208734512329102 896
1721314988629 0.6207336187362671 897
1721314988657 0.6205811500549316 898
1721314988697 0.6204173564910889 899
1721314988725 0.6202569603919983 900
1721314988758 0.6201196312904358 901
1721314988824 0.6199804544448853 902
1721314988861 0.6198213696479797 903
1721314988888 0.6196614503860474 904
1721314988916 0.6195045113563538 905
1721314988949 0.6193609833717346 906
1721314988976 0.6192235946655273 907
1721314989004 0.6190540194511414 908
1721314989034 0.6189172267913818 909
1721314989065 0.6187537908554077 910
1721314989094 0.6186439990997314 911
1721314989126 0.6184952259063721 912
1721314989161 0.6183165311813354 913
1721314989193 0.6182039976119995 914
1721314989234 0.618058443069458 915
1721314989262 0.617876410484314 916
1721314989292 0.6177301406860352 917
1721314989329 0.6175757050514221 918
1721314989366 0.6174180507659912 919
1721314989394 0.6172536611557007 920
1721314989430 0.6171194911003113 921
1721314989493 0.6169679164886475 922
1721314989524 0.6168438196182251 923
1721314989556 0.6166806817054749 924
1721314989588 0.6165248155593872 925
1721314989620 0.6163822412490845 926
1721314989648 0.6162331104278564 927
1721314989681 0.616076648235321 928
1721314989709 0.6159346103668213 929
1721314989743 0.6157890558242798 930
1721314989774 0.6156226396560669 931
1721314989816 0.6154658794403076 932
1721314989844 0.6153448820114136 933
1721314989873 0.6151710748672485 934
1721314989903 0.6150338649749756 935
1721314989943 0.6148837208747864 936
1721314989983 0.614748477935791 937
1721314990043 0.6145915985107422 938
1721314990079 0.6144684553146362 939
1721314990116 0.6143064498901367 940
1721314990150 0.6141525506973267 941
1721314990177 0.6140105724334717 942
1721314990204 0.6138582825660706 943
1721314990233 0.6137093305587769 944
1721314990266 0.6135634183883667 945
1721314990298 0.6134084463119507 946
1721314990327 0.6133071780204773 947
1721314990370 0.6131443977355957 948
1721314990410 0.61297607421875 949
1721314990446 0.6128435730934143 950
1721314990475 0.612671971321106 951
1721314990506 0.6125214099884033 952
1721314990573 0.6123868823051453 953
1721314990611 0.6122615337371826 954
1721314990640 0.6121020317077637 955
1721314990670 0.6119458675384521 956
1721314990698 0.61178058385849 957
1721314990733 0.6116607785224915 958
1721314990770 0.6115162372589111 959
1721314990799 0.6113618612289429 960
1721314990832 0.6112062931060791 961
1721314990861 0.6110679507255554 962
1721314990889 0.6109585165977478 963
1721314990921 0.610791802406311 964
1721314990952 0.6106581687927246 965
1721314990987 0.610528290271759 966
1721314991024 0.6103893518447876 967
1721314991051 0.6102167963981628 968
1721314991118 0.6100565195083618 969
1721314991158 0.6098982095718384 970
1721314991190 0.6097407937049866 971
1721314991219 0.60960453748703 972
1721314991252 0.6094464063644409 973
1721314991286 0.6093031764030457 974
1721314991318 0.6091784238815308 975
1721314991348 0.6090536713600159 976
1721314991389 0.6088985204696655 977
1721314991430 0.6087439060211182 978
1721314991464 0.6085764765739441 979
1721314991492 0.608444333076477 980
1721314991526 0.6083152890205383 981
1721314991556 0.6081595420837402 982
1721314991590 0.6079850792884827 983
1721314991621 0.6078855991363525 984
1721314991726 0.6077439188957214 985
1721314991762 0.6076069474220276 986
1721314991792 0.6074557900428772 987
1721314991823 0.6073037385940552 988
1721314991850 0.6071388125419617 989
1721314991886 0.6070399284362793 990
1721314991916 0.606884241104126 991
1721314991947 0.6067317724227905 992
1721314991979 0.6066094636917114 993
1721314992012 0.6064757108688354 994
1721314992051 0.606294572353363 995
1721314992080 0.6061438918113708 996
1721314992115 0.6060580015182495 997
1721314992143 0.60591721534729 998
1721314992172 0.6057202816009521 999
