1721320546455 0.75 0
1721320546485 0.75 1
1721320546513 0.75 2
1721320546539 0.75 3
1721320546567 0.75 4
1721320546608 0.75 5
1721320546643 0.75 6
1721320546676 0.75 7
1721320546711 0.75 8
1721320546752 0.75 9
1721320546783 0.75 10
1721320546814 0.75 11
1721320546842 0.75 12
1721320546876 0.75 13
1721320546906 0.75 14
1721320546937 0.75 15
1721320546969 0.75 16
1721320547001 0.75 17
1721320547032 0.75 18
1721320547060 0.75 19
1721320547092 0.75 20
1721320547124 0.75 21
1721320547158 0.75 22
1721320547194 0.75 23
1721320547224 0.75 24
1721320547258 0.75 25
1721320547287 0.75 26
1721320547322 0.75 27
1721320547353 0.75 28
1721320547385 0.75 29
1721320547420 0.75 30
1721320547458 0.75 31
1721320547488 0.75 32
1721320547521 0.75 33
1721320547553 0.75 34
1721320547585 0.75 35
1721320547652 0.75 36
1721320547686 0.75 37
1721320547716 0.75 38
1721320547747 0.75 39
1721320547779 0.75 40
1721320547809 0.75 41
1721320547838 0.75 42
1721320547870 0.75 43
1721320547901 0.75 44
1721320547931 0.75 45
1721320547959 0.75 46
1721320547993 0.75 47
1721320548026 0.75 48
1721320548060 0.75 49
1721320548089 0.75 50
1721320548123 0.75 51
1721320548157 0.75 52
1721320548188 0.75 53
1721320548219 0.75 54
1721320548250 0.75 55
1721320548277 0.75 56
1721320548307 0.75 57
1721320548341 0.75 58
1721320548373 0.75 59
1721320548401 0.75 60
1721320548433 0.75 61
1721320548465 0.75 62
1721320548495 0.75 63
1721320548523 0.75 64
1721320548552 0.75 65
1721320548580 0.75 66
1721320548606 0.75 67
1721320548634 0.75 68
1721320548660 0.75 69
1721320548692 0.75 70
1721320548720 0.75 71
1721320548749 0.75 72
1721320548780 0.75 73
1721320548809 0.75 74
1721320548842 0.75 75
1721320548884 0.75 76
1721320548922 0.75 77
1721320548959 0.75 78
1721320548993 0.75 79
1721320549035 0.75 80
1721320549074 0.75 81
1721320549117 0.75 82
1721320549157 0.75 83
1721320549197 0.75 84
1721320549225 0.75 85
1721320549255 0.75 86
1721320549286 0.75 87
1721320549321 0.75 88
1721320549351 0.75 89
1721320549380 0.75 90
1721320549412 0.75 91
1721320549471 0.75 92
1721320549502 0.75 93
1721320549535 0.75 94
1721320549562 0.75 95
1721320549594 0.75 96
1721320549629 0.75 97
1721320549658 0.75 98
1721320549688 0.75 99
1721320549719 0.75 100
1721320549749 0.75 101
1721320549779 0.75 102
1721320549809 0.75 103
1721320549839 0.75 104
1721320549869 0.75 105
1721320549897 0.75 106
1721320549926 0.75 107
1721320549959 0.75 108
1721320549989 0.75 109
1721320550021 0.75 110
1721320550050 0.75 111
1721320550079 0.75 112
1721320550109 0.75 113
1721320550137 0.75 114
1721320550167 0.75 115
1721320550194 0.75 116
1721320550224 0.75 117
1721320550253 0.75 118
1721320550286 0.75 119
1721320550313 0.75 120
1721320550344 0.75 121
1721320550373 0.75 122
1721320550402 0.75 123
1721320550438 0.75 124
1721320550465 0.75 125
1721320550491 0.75 126
1721320550526 0.75 127
1721320550559 0.75 128
1721320550586 0.75 129
1721320550615 0.75 130
1721320550642 0.75 131
1721320550676 0.75 132
1721320550711 0.75 133
1721320550741 0.75 134
1721320550770 0.75 135
1721320550800 0.75 136
1721320550831 0.75 137
1721320550888 0.75 138
1721320550917 0.75 139
1721320550945 0.75 140
1721320550973 0.75 141
1721320551003 0.75 142
1721320551033 0.75 143
1721320551060 0.75 144
1721320551090 0.75 145
1721320551119 0.75 146
1721320551145 0.75 147
1721320551178 0.75 148
1721320551209 0.75 149
1721320551239 0.75 150
1721320551266 0.75 151
1721320551293 0.75 152
1721320551327 0.75 153
1721320551361 0.75 154
1721320551395 0.75 155
1721320551423 0.75 156
1721320551453 0.75 157
1721320551482 0.75 158
1721320551515 0.75 159
1721320551548 0.75 160
1721320551576 0.75 161
1721320551610 0.75 162
1721320551644 0.75 163
1721320551673 0.75 164
1721320551704 0.75 165
1721320551737 0.75 166
1721320551770 0.75 167
1721320551808 0.75 168
1721320551840 0.75 169
1721320551874 0.75 170
1721320551903 0.75 171
1721320551932 0.75 172
1721320551961 0.75 173
1721320552017 0.75 174
1721320552049 0.75 175
1721320552076 0.75 176
1721320552111 0.75 177
1721320552140 0.75 178
1721320552172 0.75 179
1721320552202 0.75 180
1721320552229 0.75 181
1721320552257 0.75 182
1721320552291 0.75 183
1721320552319 0.75 184
1721320552346 0.75 185
1721320552374 0.75 186
1721320552402 0.75 187
1721320552432 0.75 188
1721320552466 0.75 189
1721320552496 0.75 190
1721320552524 0.75 191
1721320552563 0.75 192
1721320552605 0.75 193
1721320552644 0.75 194
1721320552670 0.75 195
1721320552699 0.75 196
1721320552725 0.75 197
1721320552753 0.75 198
1721320552782 0.75 199
1721320552810 0.75 200
1721320552838 0.75 201
1721320552865 0.75 202
1721320552897 0.75 203
1721320552929 0.75 204
1721320553023 0.75 205
1721320553058 0.75 206
1721320553090 0.75 207
1721320553120 0.75 208
1721320553150 0.75 209
1721320553177 0.75 210
1721320553206 0.75 211
1721320553233 0.75 212
1721320553263 0.75 213
1721320553292 0.75 214
1721320553320 0.75 215
1721320553354 0.75 216
1721320553383 0.75 217
1721320553413 0.75 218
1721320553442 0.75 219
1721320553472 0.75 220
1721320553505 0.75 221
1721320553534 0.75 222
1721320553563 0.75 223
1721320553591 0.75 224
1721320553622 0.75 225
1721320553650 0.75 226
1721320553677 0.75 227
1721320553707 0.75 228
1721320553736 0.75 229
1721320553762 0.75 230
1721320553821 0.75 231
1721320553858 0.75 232
1721320553887 0.75 233
1721320553917 0.75 234
1721320553948 0.75 235
1721320553975 0.75 236
1721320554009 0.75 237
1721320554041 0.75 238
1721320554072 0.75 239
1721320554102 0.75 240
1721320554130 0.75 241
1721320554157 0.75 242
1721320554190 0.75 243
1721320554221 0.75 244
1721320554247 0.75 245
1721320554277 0.75 246
1721320554305 0.75 247
1721320554336 0.75 248
1721320554366 0.75 249
1721320554397 0.75 250
1721320554424 0.75 251
1721320554455 0.75 252
1721320554482 0.75 253
1721320554508 0.75 254
1721320554539 0.75 255
1721320554604 0.75 256
1721320554638 0.75 257
1721320554669 0.75 258
1721320554696 0.75 259
1721320554728 0.75 260
1721320554759 0.75 261
1721320554794 0.75 262
1721320554826 0.75 263
1721320554855 0.75 264
1721320554885 0.75 265
1721320554913 0.75 266
1721320554944 0.75 267
1721320554977 0.75 268
1721320555006 0.75 269
1721320555035 0.75 270
1721320555067 0.75 271
1721320555094 0.75 272
1721320555122 0.75 273
1721320555155 0.75 274
1721320555183 0.75 275
1721320555210 0.75 276
1721320555244 0.75 277
1721320555275 0.75 278
1721320555343 0.75 279
1721320555373 0.75 280
1721320555400 0.75 281
1721320555427 0.75 282
1721320555457 0.75 283
1721320555493 0.75 284
1721320555524 0.75 285
1721320555556 0.75 286
1721320555589 0.75 287
1721320555620 0.75 288
1721320555651 0.75 289
1721320555684 0.75 290
1721320555715 0.75 291
1721320555749 0.75 292
1721320555776 0.75 293
1721320555806 0.75 294
1721320555839 0.75 295
1721320555868 0.75 296
1721320555895 0.75 297
1721320555923 0.5 298
1721320555953 0.5 299
1721320555980 0.5 300
1721320556040 0.5 301
1721320556074 0.5 302
1721320556103 0.5 303
1721320556134 0.5 304
1721320556165 0.5 305
1721320556195 0.5 306
1721320556226 0.5 307
1721320556256 0.5 308
1721320556285 0.5 309
1721320556313 0.5 310
1721320556341 0.5 311
1721320556376 0.5 312
1721320556404 0.5 313
1721320556431 0.5 314
1721320556463 0.5 315
1721320556492 0.5 316
1721320556522 0.5 317
1721320556551 0.5 318
1721320556583 0.5 319
1721320556610 0.5 320
1721320556646 0.5 321
1721320556706 0.5 322
1721320556741 0.5 323
1721320556769 0.5 324
1721320556797 0.5 325
1721320556826 0.5 326
1721320556855 0.5 327
1721320556882 0.5 328
1721320556911 0.5 329
1721320556939 0.5 330
1721320556968 0.5 331
1721320556994 0.5 332
1721320557022 0.5 333
1721320557054 0.5 334
1721320557083 0.5 335
1721320557109 0.5 336
1721320557139 0.5 337
1721320557169 0.5 338
1721320557199 0.5 339
1721320557225 0.5 340
1721320557257 0.5 341
1721320557286 0.5 342
1721320557317 0.5 343
1721320557343 0.5 344
1721320557413 0.5 345
1721320557441 0.5 346
1721320557470 0.5 347
1721320557500 0.5 348
1721320557530 0.5 349
1721320557559 0.5 350
1721320557588 0.5 351
1721320557616 0.5 352
1721320557643 0.5 353
1721320557679 0.5 354
1721320557708 0.5 355
1721320557736 0.5 356
1721320557764 0.5 357
1721320557792 0.5 358
1721320557823 0.5 359
1721320557856 0.5 360
1721320557887 0.5 361
1721320557914 0.5 362
1721320557975 0.5 363
1721320558009 0.5 364
1721320558039 0.5 365
1721320558071 0.5 366
1721320558102 0.5 367
1721320558132 0.5 368
1721320558160 0.5 369
1721320558190 0.5 370
1721320558219 0.5 371
1721320558253 0.5 372
1721320558282 0.5 373
1721320558310 0.5 374
1721320558339 0.5 375
1721320558367 0.5 376
1721320558393 0.5 377
1721320558425 0.5 378
1721320558457 0.5 379
1721320558526 0.5 380
1721320558557 0.5 381
1721320558585 0.5 382
1721320558616 0.5 383
1721320558643 0.5 384
1721320558676 0.5 385
1721320558709 0.5 386
1721320558740 0.5 387
1721320558770 0.5 388
1721320558800 0.5 389
1721320558828 0.5 390
1721320558859 0.5 391
1721320558888 0.5 392
1721320558918 0.5 393
1721320558944 0.5 394
1721320558986 0.5 395
1721320559024 0.5 396
1721320559055 0.5 397
1721320559082 0.5 398
1721320559146 0.5 399
1721320559181 0.5 400
1721320559207 0.5 401
1721320559237 0.5 402
1721320559269 0.5 403
1721320559297 0.5 404
1721320559328 0.5 405
1721320559357 0.5 406
1721320559390 0.5 407
1721320559420 0.5 408
1721320559450 0.5 409
1721320559477 0.5 410
1721320559505 0.5 411
1721320559536 0.5 412
1721320559564 0.5 413
1721320559602 0.5 414
1721320559657 0.5 415
1721320559691 0.5 416
1721320559722 0.5 417
1721320559750 0.5 418
1721320559777 0.5 419
1721320559807 0.5 420
1721320559838 0.5 421
1721320559866 0.5 422
1721320559897 0.5 423
1721320559924 0.5 424
1721320559952 0.5 425
1721320559983 0.5 426
1721320560013 0.5 427
1721320560041 0.5 428
1721320560071 0.5 429
1721320560101 0.5 430
1721320560133 0.5 431
1721320560162 0.5 432
1721320560220 0.5 433
1721320560253 0.5 434
1721320560279 0.5 435
1721320560306 0.5 436
1721320560336 0.5 437
1721320560363 0.5 438
1721320560393 0.5 439
1721320560421 0.5 440
1721320560449 0.5 441
1721320560477 0.5 442
1721320560511 0.5 443
1721320560548 0.5 444
1721320560579 0.5 445
1721320560606 0.5 446
1721320560635 0.5 447
1721320560662 0.5 448
1721320560691 0.5 449
1721320560756 0.5 450
1721320560785 0.5 451
1721320560814 0.5 452
1721320560844 0.5 453
1721320560872 0.5 454
1721320560898 0.5 455
1721320560927 0.5 456
1721320560955 0.5 457
1721320560985 0.5 458
1721320561014 0.5 459
1721320561041 0.5 460
1721320561072 0.5 461
1721320561101 0.5 462
1721320561133 0.5 463
1721320561168 0.5 464
1721320561197 0.5 465
1721320561262 0.5 466
1721320561292 0.5 467
1721320561322 0.5 468
1721320561352 0.5 469
1721320561381 0.5 470
1721320561409 0.5 471
1721320561438 0.5 472
1721320561469 0.5 473
1721320561501 0.5 474
1721320561532 0.5 475
1721320561559 0.5 476
1721320561589 0.5 477
1721320561618 0.5 478
1721320561650 0.5 479
1721320561678 0.5 480
1721320561720 0.5 481
1721320561772 0.5 482
1721320561807 0.5 483
1721320561836 0.5 484
1721320561867 0.5 485
1721320561895 0.5 486
1721320561931 0.5 487
1721320561966 0.5 488
1721320561997 0.5 489
1721320562029 0.5 490
1721320562066 0.5 491
1721320562097 0.5 492
1721320562128 0.5 493
1721320562156 0.5 494
1721320562218 0.5 495
1721320562250 0.5 496
1721320562277 0.5 497
1721320562305 0.5 498
1721320562336 0.5 499
1721320562364 0.5 500
1721320562393 0.5 501
1721320562423 0.5 502
1721320562459 0.5 503
1721320562487 0.5 504
1721320562517 0.5 505
1721320562545 0.5 506
1721320562579 0.5 507
1721320562661 0.5 508
1721320562697 0.5 509
1721320562766 0.5 510
1721320562799 0.5 511
1721320562832 0.5 512
1721320562863 0.5 513
1721320562891 0.5 514
1721320562923 0.5 515
1721320562950 0.5 516
1721320562982 0.5 517
1721320563012 0.5 518
1721320563041 0.5 519
1721320563072 0.5 520
1721320563110 0.5 521
1721320563138 0.5 522
1721320563169 0.5 523
1721320563200 0.5 524
1721320563266 0.5 525
1721320563295 0.5 526
1721320563329 0.5 527
1721320563359 0.5 528
1721320563393 0.5 529
1721320563423 0.5 530
1721320563453 0.5 531
1721320563482 0.5 532
1721320563516 0.5 533
1721320563546 0.5 534
1721320563578 0.5 535
1721320563608 0.5 536
1721320563639 0.5 537
1721320563668 0.5 538
1721320563740 0.5 539
1721320563771 0.5 540
1721320563804 0.5 541
1721320563837 0.5 542
1721320563867 0.5 543
1721320563896 0.5 544
1721320563924 0.5 545
1721320563957 0.5 546
1721320563991 0.5 547
1721320564022 0.5 548
1721320564051 0.5 549
1721320564083 0.5 550
1721320564152 0.5 551
1721320564189 0.5 552
1721320564215 0.5 553
1721320564249 0.5 554
1721320564282 0.5 555
1721320564309 0.5 556
1721320564354 0.5 557
1721320564384 0.5 558
1721320564413 0.5 559
1721320564444 0.5 560
1721320564485 0.5 561
1721320564513 0.5 562
1721320564540 0.5 563
1721320564602 0.5 564
1721320564629 0.5 565
1721320564658 0.5 566
1721320564690 0.5 567
1721320564723 0.5 568
1721320564756 0.5 569
1721320564785 0.5 570
1721320564819 0.5 571
1721320564850 0.5 572
1721320564881 0.5 573
1721320564913 0.5 574
1721320564944 0.5 575
1721320565054 0.5 576
1721320565102 0.5 577
1721320565127 0.5 578
1721320565155 0.5 579
1721320565184 0.5 580
1721320565214 0.5 581
1721320565240 0.5 582
1721320565271 0.5 583
1721320565298 0.5 584
1721320565329 0.5 585
1721320565357 0.5 586
1721320565386 0.5 587
1721320565416 0.5 588
1721320565443 0.5 589
1721320565515 0.5 590
1721320565546 0.5 591
1721320565572 0.5 592
1721320565603 0.5 593
1721320565629 0.5 594
1721320565661 0.5 595
1721320565692 0.5 596
1721320565721 0.5 597
1721320565748 0.5 598
1721320565775 0.5 599
1721320565805 0.5 600
1721320565839 0.5 601
1721320565868 0.5 602
1721320565903 0.5 603
1721320565933 0.5 604
1721320565968 0.5 605
1721320566005 0.5 606
1721320566115 0.5 607
1721320566191 0.5 608
1721320566219 0.5 609
1721320566249 0.5 610
1721320566274 0.5 611
1721320566305 0.5 612
1721320566341 0.5 613
1721320566376 0.5 614
1721320566412 0.5 615
1721320566443 0.5 616
1721320566471 0.5 617
1721320566532 0.5 618
1721320566562 0.5 619
1721320566590 0.5 620
1721320566619 0.5 621
1721320566655 0.5 622
1721320566686 0.5 623
1721320566716 0.5 624
1721320566746 0.5 625
1721320566773 0.5 626
1721320566803 0.5 627
1721320566835 0.75 628
1721320566865 0.75 629
1721320566917 0.75 630
1721320566949 0.75 631
1721320566980 0.75 632
1721320567007 0.75 633
1721320567035 0.75 634
1721320567064 0.75 635
1721320567094 0.75 636
1721320567128 0.75 637
1721320567156 0.75 638
1721320567185 0.75 639
1721320567213 0.75 640
1721320567240 0.75 641
1721320567308 0.75 642
1721320567336 0.75 643
1721320567365 0.75 644
1721320567398 0.75 645
1721320567423 0.75 646
1721320567452 0.75 647
1721320567480 0.75 648
1721320567508 0.75 649
1721320567540 0.75 650
1721320567570 0.75 651
1721320567606 0.75 652
1721320567640 0.75 653
1721320567669 0.75 654
1721320567699 0.75 655
1721320567726 0.75 656
1721320567755 0.75 657
1721320567790 0.75 658
1721320567820 0.75 659
1721320567867 0.75 660
1721320567903 0.75 661
1721320567933 0.75 662
1721320567959 0.75 663
1721320567987 0.75 664
1721320568017 0.75 665
1721320568045 0.75 666
1721320568078 0.75 667
1721320568111 0.75 668
1721320568139 0.75 669
1721320568168 0.75 670
1721320568194 0.75 671
1721320568221 0.75 672
1721320568250 0.75 673
1721320568276 0.75 674
1721320568306 0.75 675
1721320568335 0.75 676
1721320568363 0.75 677
1721320568390 0.75 678
1721320568420 0.75 679
1721320568471 0.75 680
1721320568505 0.75 681
1721320568540 0.75 682
1721320568567 0.75 683
1721320568595 0.75 684
1721320568624 0.75 685
1721320568652 0.75 686
1721320568683 0.75 687
1721320568710 0.75 688
1721320568742 0.75 689
1721320568775 0.75 690
1721320568804 0.75 691
1721320568833 0.75 692
1721320568862 0.75 693
1721320568892 0.75 694
1721320568926 0.75 695
1721320568955 0.75 696
1721320568985 0.75 697
1721320569014 0.75 698
1721320569074 0.75 699
1721320569101 0.75 700
1721320569129 0.75 701
1721320569162 0.75 702
1721320569189 0.75 703
1721320569220 0.75 704
1721320569247 0.75 705
1721320569275 0.75 706
1721320569302 0.75 707
1721320569329 0.75 708
1721320569362 0.75 709
1721320569390 0.75 710
1721320569417 0.75 711
1721320569446 0.75 712
1721320569473 0.75 713
1721320569501 0.75 714
1721320569530 0.75 715
1721320569589 0.75 716
1721320569631 0.75 717
1721320569663 0.75 718
1721320569694 0.75 719
1721320569725 0.75 720
1721320569757 0.75 721
1721320569791 0.75 722
1721320569822 0.75 723
1721320569850 0.75 724
1721320569880 0.75 725
1721320569915 0.75 726
1721320569947 0.75 727
1721320569975 0.75 728
1721320570004 0.75 729
1721320570036 0.75 730
1721320570070 0.75 731
1721320570099 0.75 732
1721320570127 0.75 733
1721320570154 0.75 734
1721320570183 0.75 735
1721320570297 0.75 736
1721320570349 0.75 737
1721320570379 0.75 738
1721320570406 0.75 739
1721320570438 0.75 740
1721320570474 0.75 741
1721320570509 0.75 742
1721320570543 0.75 743
1721320570575 0.75 744
1721320570602 0.75 745
1721320570631 0.75 746
1721320570660 0.75 747
1721320570689 0.75 748
1721320570730 0.75 749
1721320570758 0.75 750
1721320570786 0.75 751
1721320570816 0.75 752
1721320570844 0.75 753
1721320570871 0.75 754
1721320570928 0.75 755
1721320570969 0.75 756
1721320570996 0.75 757
1721320571025 0.75 758
1721320571055 0.75 759
1721320571083 0.75 760
1721320571114 0.75 761
1721320571143 0.75 762
1721320571178 0.75 763
1721320571207 0.75 764
1721320571234 0.75 765
1721320571263 0.75 766
1721320571291 0.75 767
1721320571320 0.75 768
1721320571392 0.75 769
1721320571427 0.75 770
1721320571455 0.75 771
1721320571486 0.75 772
1721320571515 0.75 773
1721320571544 0.75 774
1721320571582 0.75 775
1721320571608 0.75 776
1721320571636 0.75 777
1721320571666 0.75 778
1721320571694 0.75 779
1721320571723 0.75 780
1721320571753 0.75 781
1721320571784 0.75 782
1721320571815 0.75 783
1721320571844 0.75 784
1721320571873 0.75 785
1721320571904 0.75 786
1721320571975 0.75 787
1721320572020 0.75 788
1721320572048 0.75 789
1721320572074 0.75 790
1721320572101 0.75 791
1721320572137 0.75 792
1721320572165 0.75 793
1721320572195 0.75 794
1721320572223 0.75 795
1721320572253 0.75 796
1721320572283 0.75 797
1721320572316 0.75 798
1721320572377 0.75 799
1721320572411 0.75 800
1721320572446 0.75 801
1721320572473 0.75 802
1721320572502 0.75 803
1721320572530 0.75 804
1721320572558 0.75 805
1721320572591 0.75 806
1721320572621 0.75 807
1721320572652 0.75 808
1721320572682 0.75 809
1721320572761 0.75 810
1721320572799 0.75 811
1721320572825 0.75 812
1721320572852 0.75 813
1721320572885 0.75 814
1721320572914 0.75 815
1721320572952 0.75 816
1721320572980 0.75 817
1721320573008 0.75 818
1721320573036 0.75 819
1721320573064 0.75 820
1721320573091 0.75 821
1721320573120 0.75 822
1721320573149 0.75 823
1721320573230 0.75 824
1721320573258 0.75 825
1721320573291 0.75 826
1721320573321 0.75 827
1721320573352 0.75 828
1721320573406 0.75 829
1721320573439 0.75 830
1721320573468 0.75 831
1721320573496 0.75 832
1721320573526 0.75 833
1721320573557 0.75 834
1721320573588 0.75 835
1721320573620 0.75 836
1721320573657 0.75 837
1721320573690 0.75 838
1721320573719 0.75 839
1721320573749 0.75 840
1721320573777 0.75 841
1721320573806 0.75 842
1721320573861 0.75 843
1721320573893 0.75 844
1721320573921 0.75 845
1721320573951 0.75 846
1721320573983 0.75 847
1721320574018 0.75 848
1721320574048 0.75 849
1721320574078 0.75 850
1721320574109 0.75 851
1721320574137 0.75 852
1721320574169 0.75 853
1721320574198 0.75 854
1721320574228 0.75 855
1721320574254 0.75 856
1721320574287 0.75 857
1721320574314 0.75 858
1721320574339 0.75 859
1721320574373 0.75 860
1721320574409 0.75 861
1721320574440 0.75 862
1721320574468 0.75 863
1721320574495 0.75 864
1721320574525 0.75 865
1721320574553 0.75 866
1721320574606 0.75 867
1721320574640 0.75 868
1721320574671 0.75 869
1721320574704 0.75 870
1721320574732 0.75 871
1721320574758 0.75 872
1721320574794 0.75 873
1721320574821 0.75 874
1721320574850 0.75 875
1721320574881 0.75 876
1721320574907 0.75 877
1721320574937 0.75 878
1721320574972 0.75 879
1721320575007 0.75 880
1721320575036 0.75 881
1721320575066 0.75 882
1721320575101 0.75 883
1721320575131 0.75 884
1721320575160 0.75 885
1721320575191 0.75 886
1721320575221 0.75 887
1721320575249 0.75 888
1721320575305 0.75 889
1721320575338 0.75 890
1721320575367 0.75 891
1721320575406 0.75 892
1721320575449 0.75 893
1721320575488 0.75 894
1721320575521 0.75 895
1721320575547 0.75 896
1721320575575 0.75 897
1721320575606 0.75 898
1721320575636 0.75 899
1721320575666 0.75 900
1721320575694 0.75 901
1721320575722 0.75 902
1721320575754 0.75 903
1721320575784 0.75 904
1721320575812 0.75 905
1721320575847 0.75 906
1721320575886 0.75 907
1721320575920 0.75 908
1721320575949 0.75 909
1721320575977 0.75 910
1721320576007 0.75 911
1721320576038 0.75 912
1721320576066 0.75 913
1721320576094 0.75 914
1721320576128 0.75 915
1721320576155 0.75 916
1721320576215 0.75 917
1721320576247 0.75 918
1721320576276 0.75 919
1721320576304 0.75 920
1721320576336 0.75 921
1721320576366 0.75 922
1721320576395 0.75 923
1721320576428 0.75 924
1721320576458 0.75 925
1721320576486 0.75 926
1721320576522 0.75 927
1721320576551 0.75 928
1721320576578 0.75 929
1721320576605 0.75 930
1721320576636 0.75 931
1721320576667 0.75 932
1721320576695 0.75 933
1721320576724 0.75 934
1721320576752 0.75 935
1721320576782 0.75 936
1721320576815 0.75 937
1721320576888 0.75 938
1721320576916 0.75 939
1721320576952 0.75 940
1721320576988 0.75 941
1721320577017 0.75 942
1721320577051 0.75 943
1721320577078 0.75 944
1721320577107 0.75 945
1721320577136 0.75 946
1721320577171 0.75 947
1721320577198 0.75 948
1721320577228 0.75 949
1721320577261 0.75 950
1721320577288 0.75 951
1721320577317 0.75 952
1721320577343 0.75 953
1721320577370 0.75 954
1721320577400 0.75 955
1721320577428 0.75 956
1721320577455 0.75 957
1721320577487 0.75 958
1721320577517 0.75 959
1721320577544 0.75 960
1721320577572 0.75 961
1721320577600 0.75 962
1721320577629 0.75 963
1721320577657 0.75 964
1721320577685 0.75 965
1721320577714 0.75 966
1721320577775 0.75 967
1721320577811 0.75 968
1721320577839 0.75 969
1721320577876 0.75 970
1721320577904 0.75 971
1721320577935 0.75 972
1721320577965 0.75 973
1721320577994 0.75 974
1721320578027 0.75 975
1721320578057 0.75 976
1721320578085 0.75 977
1721320578116 0.75 978
1721320578145 0.75 979
1721320578179 0.75 980
1721320578205 0.75 981
1721320578235 0.75 982
1721320578263 0.75 983
1721320578289 0.75 984
1721320578319 0.75 985
1721320578350 0.75 986
1721320578381 0.75 987
1721320578410 0.75 988
1721320578441 0.75 989
1721320578470 0.75 990
1721320578500 0.75 991
1721320578533 0.75 992
1721320578603 0.75 993
1721320578647 0.75 994
1721320578677 0.75 995
1721320578716 0.75 996
1721320578746 0.75 997
1721320578778 0.75 998
1721320578810 0.75 999
