1721320546455 0.735811173915863 0
1721320546485 0.7352019548416138 1
1721320546513 0.7345952391624451 2
1721320546539 0.733991265296936 3
1721320546567 0.733390212059021 4
1721320546608 0.7327919006347656 5
1721320546643 0.7321963310241699 6
1721320546676 0.7316038608551025 7
1721320546711 0.7310141324996948 8
1721320546752 0.7304273843765259 9
1721320546783 0.7298606038093567 10
1721320546814 0.7294420003890991 11
1721320546842 0.729016125202179 12
1721320546876 0.7285847067832947 13
1721320546906 0.7281485199928284 14
1721320546937 0.7277086973190308 15
1721320546969 0.7272658944129944 16
1721320547001 0.7268208265304565 17
1721320547032 0.7263739109039307 18
1721320547060 0.7259255647659302 19
1721320547092 0.7254762649536133 20
1721320547124 0.7250263094902039 21
1721320547158 0.7245758771896362 22
1721320547194 0.7241252064704895 23
1721320547224 0.7236745357513428 24
1721320547258 0.7232237458229065 25
1721320547287 0.7227731943130493 26
1721320547322 0.7223228812217712 27
1721320547353 0.7218729257583618 28
1721320547385 0.721461296081543 29
1721320547420 0.7210710048675537 30
1721320547458 0.7206632494926453 31
1721320547488 0.7202404141426086 32
1721320547521 0.719804584980011 33
1721320547553 0.719357430934906 34
1721320547585 0.7189548015594482 35
1721320547652 0.718561053276062 36
1721320547686 0.7181627750396729 37
1721320547716 0.7177608013153076 38
1721320547747 0.7173552513122559 39
1721320547779 0.716946542263031 40
1721320547809 0.716535210609436 41
1721320547838 0.7161213755607605 42
1721320547870 0.7157053351402283 43
1721320547901 0.7152873277664185 44
1721320547931 0.7149022221565247 45
1721320547959 0.7145183086395264 46
1721320547993 0.7141179442405701 47
1721320548026 0.7137029767036438 48
1721320548060 0.7132915258407593 49
1721320548089 0.7129061222076416 50
1721320548123 0.7125163674354553 51
1721320548157 0.7121270298957825 52
1721320548188 0.7117431163787842 53
1721320548219 0.7113574147224426 54
1721320548250 0.710969865322113 55
1721320548277 0.7105809450149536 56
1721320548307 0.7102058529853821 57
1721320548341 0.7098142504692078 58
1721320548373 0.7094476819038391 59
1721320548401 0.7090624570846558 60
1721320548433 0.7087109088897705 61
1721320548465 0.708345890045166 62
1721320548495 0.7079842686653137 63
1721320548523 0.7076367139816284 64
1721320548552 0.707278311252594 65
1721320548580 0.706916332244873 66
1721320548606 0.7065644264221191 67
1721320548634 0.7062075734138489 68
1721320548660 0.7058463096618652 69
1721320548692 0.7055040001869202 70
1721320548720 0.7051488161087036 71
1721320548749 0.7047961950302124 72
1721320548780 0.7044398188591003 73
1721320548809 0.7040929198265076 74
1721320548842 0.7037547826766968 75
1721320548884 0.7034156322479248 76
1721320548922 0.7030779719352722 77
1721320548959 0.7027458548545837 78
1721320548993 0.7024102807044983 79
1721320549035 0.7020753622055054 80
1721320549074 0.7017553448677063 81
1721320549117 0.70140540599823 82
1721320549157 0.7010915279388428 83
1721320549197 0.7007890939712524 84
1721320549225 0.7004607319831848 85
1721320549255 0.7001392841339111 86
1721320549286 0.6998175382614136 87
1721320549321 0.6994903087615967 88
1721320549351 0.6991583108901978 89
1721320549380 0.6988717913627625 90
1721320549412 0.6985635757446289 91
1721320549471 0.6982210874557495 92
1721320549502 0.6979005336761475 93
1721320549535 0.6975986957550049 94
1721320549562 0.6973048448562622 95
1721320549594 0.6969988346099854 96
1721320549629 0.6966794729232788 97
1721320549658 0.696368932723999 98
1721320549688 0.6960529088973999 99
1721320549719 0.6957527995109558 100
1721320549749 0.6954562664031982 101
1721320549779 0.6951391100883484 102
1721320549809 0.6948591470718384 103
1721320549839 0.6945620775222778 104
1721320549869 0.694255530834198 105
1721320549897 0.6939607262611389 106
1721320549926 0.6936848163604736 107
1721320549959 0.6933804750442505 108
1721320549989 0.693099856376648 109
1721320550021 0.6928184032440186 110
1721320550050 0.6925463080406189 111
1721320550079 0.6922577023506165 112
1721320550109 0.6919571161270142 113
1721320550137 0.6916649341583252 114
1721320550167 0.6913955211639404 115
1721320550194 0.6911177635192871 116
1721320550224 0.6908129453659058 117
1721320550253 0.6905654668807983 118
1721320550286 0.6902996301651001 119
1721320550313 0.6900222897529602 120
1721320550344 0.6897505521774292 121
1721320550373 0.6894708871841431 122
1721320550402 0.689184308052063 123
1721320550438 0.6889076828956604 124
1721320550465 0.6886738538742065 125
1721320550491 0.6884086728096008 126
1721320550526 0.6881043910980225 127
1721320550559 0.6878485083580017 128
1721320550586 0.687589168548584 129
1721320550615 0.687335729598999 130
1721320550642 0.6870737075805664 131
1721320550676 0.6868033409118652 132
1721320550711 0.6865420937538147 133
1721320550741 0.6862795352935791 134
1721320550770 0.6859999895095825 135
1721320550800 0.6857654452323914 136
1721320550831 0.6855115294456482 137
1721320550888 0.6852656006813049 138
1721320550917 0.6850111484527588 139
1721320550945 0.6847530603408813 140
1721320550973 0.6844980716705322 141
1721320551003 0.684251606464386 142
1721320551033 0.6839857697486877 143
1721320551060 0.6837531328201294 144
1721320551090 0.68352210521698 145
1721320551119 0.6832778453826904 146
1721320551145 0.6830174326896667 147
1721320551178 0.6827718615531921 148
1721320551209 0.6825230717658997 149
1721320551239 0.6822925209999084 150
1721320551266 0.6820557713508606 151
1721320551293 0.6817918419837952 152
1721320551327 0.6815508604049683 153
1721320551361 0.6813000440597534 154
1721320551395 0.681067943572998 155
1721320551423 0.6808355450630188 156
1721320551453 0.6805969476699829 157
1721320551482 0.6803572177886963 158
1721320551515 0.6801185607910156 159
1721320551548 0.6798973083496094 160
1721320551576 0.6796650886535645 161
1721320551610 0.6794232130050659 162
1721320551644 0.6791888475418091 163
1721320551673 0.678949236869812 164
1721320551704 0.6787342429161072 165
1721320551737 0.678529679775238 166
1721320551770 0.6782898306846619 167
1721320551808 0.6780643463134766 168
1721320551840 0.677834689617157 169
1721320551874 0.677615225315094 170
1721320551903 0.6773841977119446 171
1721320551932 0.6771427989006042 172
1721320551961 0.6769446134567261 173
1721320552017 0.6767275333404541 174
1721320552049 0.6764785647392273 175
1721320552076 0.6762716770172119 176
1721320552111 0.6760657429695129 177
1721320552140 0.6758648753166199 178
1721320552172 0.6756484508514404 179
1721320552202 0.6754181385040283 180
1721320552229 0.6751819849014282 181
1721320552257 0.6749638915061951 182
1721320552291 0.6747387647628784 183
1721320552319 0.6745408773422241 184
1721320552346 0.6743227243423462 185
1721320552374 0.674080491065979 186
1721320552402 0.673882007598877 187
1721320552432 0.6736704707145691 188
1721320552466 0.6734637022018433 189
1721320552496 0.6732516288757324 190
1721320552524 0.673037052154541 191
1721320552563 0.6728238463401794 192
1721320552605 0.6726186871528625 193
1721320552644 0.6724005937576294 194
1721320552670 0.6721935868263245 195
1721320552699 0.6719820499420166 196
1721320552725 0.6717767119407654 197
1721320552753 0.6715764999389648 198
1721320552782 0.6713762879371643 199
1721320552810 0.6711676716804504 200
1721320552838 0.6709576845169067 201
1721320552865 0.6707485318183899 202
1721320552897 0.6705496311187744 203
1721320552929 0.6703358888626099 204
1721320553023 0.670147180557251 205
1721320553058 0.6699514389038086 206
1721320553090 0.6697548627853394 207
1721320553120 0.6695448756217957 208
1721320553150 0.6693389415740967 209
1721320553177 0.6691442131996155 210
1721320553206 0.6689339280128479 211
1721320553233 0.6687349677085876 212
1721320553263 0.668538510799408 213
1721320553292 0.6683459281921387 214
1721320553320 0.6681445837020874 215
1721320553354 0.6679479479789734 216
1721320553383 0.6677504181861877 217
1721320553413 0.667544960975647 218
1721320553442 0.6673533916473389 219
1721320553472 0.6671609282493591 220
1721320553505 0.6669726967811584 221
1721320553534 0.6667667627334595 222
1721320553563 0.6665722131729126 223
1721320553591 0.6663963198661804 224
1721320553622 0.6661854982376099 225
1721320553650 0.6660181283950806 226
1721320553677 0.6658389568328857 227
1721320553707 0.6656513214111328 228
1721320553736 0.6654556393623352 229
1721320553762 0.6652492880821228 230
1721320553821 0.665048360824585 231
1721320553858 0.6648951768875122 232
1721320553887 0.6647113561630249 233
1721320553917 0.6644916534423828 234
1721320553948 0.6643038392066956 235
1721320553975 0.6641395092010498 236
1721320554009 0.6639614105224609 237
1721320554041 0.6637674570083618 238
1721320554072 0.6635761260986328 239
1721320554102 0.6633737683296204 240
1721320554130 0.6631793975830078 241
1721320554157 0.6630011796951294 242
1721320554190 0.6628007888793945 243
1721320554221 0.6626229882240295 244
1721320554247 0.6624441146850586 245
1721320554277 0.6622533798217773 246
1721320554305 0.6620530486106873 247
1721320554336 0.6618741750717163 248
1721320554366 0.6616966724395752 249
1721320554397 0.6615186929702759 250
1721320554424 0.6613320708274841 251
1721320554455 0.6611487865447998 252
1721320554482 0.6609539985656738 253
1721320554508 0.6607825756072998 254
1721320554539 0.6606004238128662 255
1721320554604 0.6604287028312683 256
1721320554638 0.6602327823638916 257
1721320554669 0.6600525379180908 258
1721320554696 0.6598877310752869 259
1721320554728 0.6597025990486145 260
1721320554759 0.6595268845558167 261
1721320554794 0.6593471765518188 262
1721320554826 0.6591551303863525 263
1721320554855 0.6589812636375427 264
1721320554885 0.6588119268417358 265
1721320554913 0.6586215496063232 266
1721320554944 0.6584344506263733 267
1721320554977 0.658258855342865 268
1721320555006 0.6580926179885864 269
1721320555035 0.6579137444496155 270
1721320555067 0.657749593257904 271
1721320555094 0.6575562357902527 272
1721320555122 0.6573954224586487 273
1721320555155 0.6572259664535522 274
1721320555183 0.6570574045181274 275
1721320555210 0.6568772196769714 276
1721320555244 0.6566829085350037 277
1721320555275 0.6565036177635193 278
1721320555343 0.656326413154602 279
1721320555373 0.6561556458473206 280
1721320555400 0.6559919118881226 281
1721320555427 0.655814528465271 282
1721320555457 0.6556267142295837 283
1721320555493 0.6554563641548157 284
1721320555524 0.6552649140357971 285
1721320555556 0.655118465423584 286
1721320555589 0.6549620628356934 287
1721320555620 0.6547864675521851 288
1721320555651 0.6545933485031128 289
1721320555684 0.6544058322906494 290
1721320555715 0.6542738676071167 291
1721320555749 0.6541147828102112 292
1721320555776 0.6539149284362793 293
1721320555806 0.6537364721298218 294
1721320555839 0.6535809636116028 295
1721320555868 0.6534112095832825 296
1721320555895 0.6532285213470459 297
1721320555923 0.653048574924469 298
1721320555953 0.6528632640838623 299
1721320555980 0.6527290940284729 300
1721320556040 0.6525540351867676 301
1721320556074 0.6523526906967163 302
1721320556103 0.6521949768066406 303
1721320556134 0.6520491242408752 304
1721320556165 0.6518880724906921 305
1721320556195 0.6517133712768555 306
1721320556226 0.6515264511108398 307
1721320556256 0.6513283252716064 308
1721320556285 0.6511707305908203 309
1721320556313 0.651020348072052 310
1721320556341 0.6508312821388245 311
1721320556376 0.6506506204605103 312
1721320556404 0.6504936814308167 313
1721320556431 0.6503315567970276 314
1721320556463 0.6501559019088745 315
1721320556492 0.6499796509742737 316
1721320556522 0.6498011350631714 317
1721320556551 0.6496585607528687 318
1721320556583 0.6494863033294678 319
1721320556610 0.6492828130722046 320
1721320556646 0.6491234302520752 321
1721320556706 0.6489599943161011 322
1721320556741 0.6487830877304077 323
1721320556769 0.6486300230026245 324
1721320556797 0.6484642028808594 325
1721320556826 0.6482793092727661 326
1721320556855 0.6481204032897949 327
1721320556882 0.6479586362838745 328
1721320556911 0.64778733253479 329
1721320556939 0.6476199626922607 330
1721320556968 0.6474525332450867 331
1721320556994 0.6472755074501038 332
1721320557022 0.6471081972122192 333
1721320557054 0.6469388008117676 334
1721320557083 0.6467695236206055 335
1721320557109 0.6466056108474731 336
1721320557139 0.6464341878890991 337
1721320557169 0.6462700963020325 338
1721320557199 0.6460992097854614 339
1721320557225 0.6459334492683411 340
1721320557257 0.6457716226577759 341
1721320557286 0.6456078290939331 342
1721320557317 0.6454353928565979 343
1721320557343 0.6452843546867371 344
1721320557413 0.6450986266136169 345
1721320557441 0.6449606418609619 346
1721320557470 0.644809365272522 347
1721320557500 0.6446429491043091 348
1721320557530 0.6444680690765381 349
1721320557559 0.644280731678009 350
1721320557588 0.6441351771354675 351
1721320557616 0.6439796090126038 352
1721320557643 0.6437831521034241 353
1721320557679 0.6436285376548767 354
1721320557708 0.6434835195541382 355
1721320557736 0.643328070640564 356
1721320557764 0.6431524753570557 357
1721320557792 0.6429688930511475 358
1721320557823 0.6427802443504333 359
1721320557856 0.6426622867584229 360
1721320557887 0.642501711845398 361
1721320557914 0.6423035860061646 362
1721320557975 0.6421363949775696 363
1721320558009 0.6419960260391235 364
1721320558039 0.6418399810791016 365
1721320558071 0.6416694521903992 366
1721320558102 0.6414859294891357 367
1721320558132 0.6412927508354187 368
1721320558160 0.6411736011505127 369
1721320558190 0.6410141587257385 370
1721320558219 0.64081209897995 371
1721320558253 0.6406614780426025 372
1721320558282 0.640521228313446 373
1721320558310 0.640364944934845 374
1721320558339 0.6401942372322083 375
1721320558367 0.6400105357170105 376
1721320558393 0.639817476272583 377
1721320558425 0.6396886706352234 378
1721320558457 0.6395474672317505 379
1721320558526 0.639362096786499 380
1721320558557 0.6391596794128418 381
1721320558585 0.6390131711959839 382
1721320558616 0.6388511657714844 383
1721320558643 0.6386753916740417 384
1721320558676 0.6384989023208618 385
1721320558709 0.6383727788925171 386
1721320558740 0.6382045149803162 387
1721320558770 0.6380025148391724 388
1721320558800 0.6378538608551025 389
1721320558828 0.6376941800117493 390
1721320558859 0.6375203728675842 391
1721320558888 0.6373606324195862 392
1721320558918 0.6371986269950867 393
1721320558944 0.6370179653167725 394
1721320558986 0.6368552446365356 395
1721320559024 0.636684238910675 396
1721320559055 0.6365448236465454 397
1721320559082 0.6363620758056641 398
1721320559146 0.6362185478210449 399
1721320559181 0.6360632181167603 400
1721320559207 0.6358931064605713 401
1721320559237 0.6357154250144958 402
1721320559269 0.6355454921722412 403
1721320559297 0.6353857517242432 404
1721320559328 0.6352173089981079 405
1721320559357 0.6350458860397339 406
1721320559390 0.634895920753479 407
1721320559420 0.6347388029098511 408
1721320559450 0.6345669627189636 409
1721320559477 0.6344183683395386 410
1721320559505 0.6342560052871704 411
1721320559536 0.6340755820274353 412
1721320559564 0.6339191794395447 413
1721320559602 0.6337649822235107 414
1721320559657 0.633596658706665 415
1721320559691 0.6334294080734253 416
1721320559722 0.6332629919052124 417
1721320559750 0.6331329345703125 418
1721320559777 0.6329615712165833 419
1721320559807 0.6327689290046692 420
1721320559838 0.632604718208313 421
1721320559866 0.632448673248291 422
1721320559897 0.6322922110557556 423
1721320559924 0.6321145296096802 424
1721320559952 0.6319407820701599 425
1721320559983 0.6317874193191528 426
1721320560013 0.6316048502922058 427
1721320560041 0.6314642429351807 428
1721320560071 0.6313126087188721 429
1721320560101 0.6311452388763428 430
1721320560133 0.630966067314148 431
1721320560162 0.6307922601699829 432
1721320560220 0.630662202835083 433
1721320560253 0.630500316619873 434
1721320560279 0.6303004026412964 435
1721320560306 0.6301369667053223 436
1721320560336 0.6299750804901123 437
1721320560363 0.6298078894615173 438
1721320560393 0.6296322345733643 439
1721320560421 0.6294676065444946 440
1721320560449 0.6293128728866577 441
1721320560477 0.6291458010673523 442
1721320560511 0.6289795637130737 443
1721320560548 0.628836989402771 444
1721320560579 0.6286550760269165 445
1721320560606 0.6285010576248169 446
1721320560635 0.6283540725708008 447
1721320560662 0.6281907558441162 448
1721320560691 0.6280125975608826 449
1721320560756 0.6278383731842041 450
1721320560785 0.6276997327804565 451
1721320560814 0.62753826379776 452
1721320560844 0.6273369789123535 453
1721320560872 0.6271833181381226 454
1721320560898 0.6270242929458618 455
1721320560927 0.6268500089645386 456
1721320560955 0.6266999244689941 457
1721320560985 0.6265468597412109 458
1721320561014 0.6263514757156372 459
1721320561041 0.6262134909629822 460
1721320561072 0.6260631680488586 461
1721320561101 0.6258966326713562 462
1721320561133 0.6257165670394897 463
1721320561168 0.6255508065223694 464
1721320561197 0.6253761053085327 465
1721320561262 0.6252344846725464 466
1721320561292 0.6250605583190918 467
1721320561322 0.6248762607574463 468
1721320561352 0.6247265934944153 469
1721320561381 0.6245604157447815 470
1721320561409 0.6243795156478882 471
1721320561438 0.624242901802063 472
1721320561469 0.6240935325622559 473
1721320561501 0.6238967180252075 474
1721320561532 0.623744010925293 475
1721320561559 0.6236003637313843 476
1721320561589 0.6234360933303833 477
1721320561618 0.6232635378837585 478
1721320561650 0.6230767369270325 479
1721320561678 0.6229060292243958 480
1721320561720 0.6227505803108215 481
1721320561772 0.62257981300354 482
1721320561807 0.6224170923233032 483
1721320561836 0.6222577095031738 484
1721320561867 0.6220861077308655 485
1721320561895 0.6219052672386169 486
1721320561931 0.6217827796936035 487
1721320561966 0.6216229200363159 488
1721320561997 0.6214199662208557 489
1721320562029 0.62127286195755 490
1721320562066 0.6211276650428772 491
1721320562097 0.6209654211997986 492
1721320562128 0.6207876801490784 493
1721320562156 0.6205967664718628 494
1721320562218 0.6204364895820618 495
1721320562250 0.6202664971351624 496
1721320562277 0.6201015710830688 497
1721320562305 0.6199491024017334 498
1721320562336 0.6197776198387146 499
1721320562364 0.6195988655090332 500
1721320562393 0.619452178478241 501
1721320562423 0.6192742586135864 502
1721320562459 0.619123637676239 503
1721320562487 0.6189746260643005 504
1721320562517 0.6188087463378906 505
1721320562545 0.6186277866363525 506
1721320562579 0.618446946144104 507
1721320562661 0.6182894706726074 508
1721320562697 0.6181091070175171 509
1721320562766 0.6179465651512146 510
1721320562799 0.6177783012390137 511
1721320562832 0.6176056265830994 512
1721320562863 0.6174781322479248 513
1721320562891 0.6172975301742554 514
1721320562923 0.6171249151229858 515
1721320562950 0.6169670224189758 516
1721320562982 0.616793155670166 517
1721320563012 0.6166356205940247 518
1721320563041 0.6164567470550537 519
1721320563072 0.6163129806518555 520
1721320563110 0.6161618232727051 521
1721320563138 0.6160000562667847 522
1721320563169 0.6158154010772705 523
1721320563200 0.6156430244445801 524
1721320563266 0.6155158281326294 525
1721320563295 0.6153513193130493 526
1721320563329 0.6151444911956787 527
1721320563359 0.6149812340736389 528
1721320563393 0.6148198246955872 529
1721320563423 0.6146427392959595 530
1721320563453 0.6144973039627075 531
1721320563482 0.6143222451210022 532
1721320563516 0.614155650138855 533
1721320563546 0.6140027046203613 534
1721320563578 0.6138333082199097 535
1721320563608 0.6136573553085327 536
1721320563639 0.6135064959526062 537
1721320563668 0.6133535504341125 538
1721320563740 0.6131553053855896 539
1721320563771 0.613010585308075 540
1721320563804 0.6128698587417603 541
1721320563837 0.6127112507820129 542
1721320563867 0.6125365495681763 543
1721320563896 0.6123483180999756 544
1721320563924 0.6121744513511658 545
1721320563957 0.6120047569274902 546
1721320563991 0.6118298768997192 547
1721320564022 0.6116727590560913 548
1721320564051 0.611518383026123 549
1721320564083 0.6113504767417908 550
1721320564152 0.6111689209938049 551
1721320564189 0.6110148429870605 552
1721320564215 0.6108489036560059 553
1721320564249 0.6106720566749573 554
1721320564282 0.6105167865753174 555
1721320564309 0.610345184803009 556
1721320564354 0.6101608872413635 557
1721320564384 0.6099976897239685 558
1721320564413 0.6098363995552063 559
1721320564444 0.6096761226654053 560
1721320564485 0.6095153093338013 561
1721320564513 0.609344482421875 562
1721320564540 0.6091772317886353 563
1721320564602 0.6090077757835388 564
1721320564629 0.6088401079177856 565
1721320564658 0.6086657047271729 566
1721320564690 0.6085197925567627 567
1721320564723 0.6083465814590454 568
1721320564756 0.6082043647766113 569
1721320564785 0.6080484986305237 570
1721320564819 0.607876181602478 571
1721320564850 0.6076890230178833 572
1721320564881 0.6075289845466614 573
1721320564913 0.6073836088180542 574
1721320564944 0.6071875095367432 575
1721320565054 0.6070370674133301 576
1721320565102 0.6068958044052124 577
1721320565127 0.6067377328872681 578
1721320565155 0.6065633296966553 579
1721320565184 0.6063892245292664 580
1721320565214 0.6062170267105103 581
1721320565240 0.606040358543396 582
1721320565271 0.605868935585022 583
1721320565298 0.6056965589523315 584
1721320565329 0.6055300831794739 585
1721320565357 0.6053752303123474 586
1721320565386 0.6052037477493286 587
1721320565416 0.605017364025116 588
1721320565443 0.6048967838287354 589
1721320565515 0.6047297716140747 590
1721320565546 0.6045337915420532 591
1721320565572 0.6043943762779236 592
1721320565603 0.6042529344558716 593
1721320565629 0.6040934324264526 594
1721320565661 0.6039177775382996 595
1721320565692 0.6037275791168213 596
1721320565721 0.6035242080688477 597
1721320565748 0.6034348011016846 598
1721320565775 0.6032949686050415 599
1721320565805 0.6030963063240051 600
1721320565839 0.6028706431388855 601
1721320565868 0.6027227640151978 602
1721320565903 0.602577805519104 603
1721320565933 0.6024099588394165 604
1721320565968 0.6022276282310486 605
1721320566005 0.6020374298095703 606
1721320566115 0.6018907427787781 607
1721320566191 0.6017202734947205 608
1721320566219 0.6015434861183167 609
1721320566249 0.6013909578323364 610
1721320566274 0.6012217402458191 611
1721320566305 0.601037323474884 612
1721320566341 0.6009039878845215 613
1721320566376 0.6007347702980042 614
1721320566412 0.6005371809005737 615
1721320566443 0.6003822684288025 616
1721320566471 0.6002157926559448 617
1721320566532 0.6000446677207947 618
1721320566562 0.5998684763908386 619
1721320566590 0.5997159481048584 620
1721320566619 0.5995569229125977 621
1721320566655 0.5993961095809937 622
1721320566686 0.599227786064148 623
1721320566716 0.5990525484085083 624
1721320566746 0.5988808870315552 625
1721320566773 0.5987161993980408 626
1721320566803 0.5985525846481323 627
1721320566835 0.5983926057815552 628
1721320566865 0.5982183814048767 629
1721320566917 0.598069429397583 630
1721320566949 0.597910463809967 631
1721320566980 0.597732663154602 632
1721320567007 0.5975424647331238 633
1721320567035 0.5974289178848267 634
1721320567064 0.5972706079483032 635
1721320567094 0.5970523357391357 636
1721320567128 0.5968905687332153 637
1721320567156 0.5967379808425903 638
1721320567185 0.5965712666511536 639
1721320567213 0.5963889956474304 640
1721320567240 0.5962442755699158 641
1721320567308 0.5960747599601746 642
1721320567336 0.5958842039108276 643
1721320567365 0.5957225561141968 644
1721320567398 0.5955476760864258 645
1721320567423 0.5953888297080994 646
1721320567452 0.5952269434928894 647
1721320567480 0.5950573682785034 648
1721320567508 0.5948877334594727 649
1721320567540 0.5947393178939819 650
1721320567570 0.5945717692375183 651
1721320567606 0.5943948030471802 652
1721320567640 0.5942317843437195 653
1721320567669 0.5940631628036499 654
1721320567699 0.5939143896102905 655
1721320567726 0.593730628490448 656
1721320567755 0.5935695767402649 657
1721320567790 0.5933990478515625 658
1721320567820 0.5932447910308838 659
1721320567867 0.593070924282074 660
1721320567903 0.5929175019264221 661
1721320567933 0.5927666425704956 662
1721320567959 0.5925986170768738 663
1721320567987 0.5924152135848999 664
1721320568017 0.5922606587409973 665
1721320568045 0.5920902490615845 666
1721320568078 0.5919251441955566 667
1721320568111 0.5917824506759644 668
1721320568139 0.5916249752044678 669
1721320568168 0.591451108455658 670
1721320568194 0.5912624597549438 671
1721320568221 0.5910887718200684 672
1721320568250 0.5909236669540405 673
1721320568276 0.5907567143440247 674
1721320568306 0.5906067490577698 675
1721320568335 0.5904350876808167 676
1721320568363 0.5902534127235413 677
1721320568390 0.5901013016700745 678
1721320568420 0.5899127125740051 679
1721320568471 0.5897558331489563 680
1721320568505 0.5896020531654358 681
1721320568540 0.5894296169281006 682
1721320568567 0.5892634391784668 683
1721320568595 0.5891081094741821 684
1721320568624 0.5889399647712708 685
1721320568652 0.5887565612792969 686
1721320568683 0.5886401534080505 687
1721320568710 0.5884655714035034 688
1721320568742 0.5882778167724609 689
1721320568775 0.5881307125091553 690
1721320568804 0.5879743099212646 691
1721320568833 0.5878041982650757 692
1721320568862 0.5876190662384033 693
1721320568892 0.58745276927948 694
1721320568926 0.5872859954833984 695
1721320568955 0.5871233940124512 696
1721320568985 0.5869717001914978 697
1721320569014 0.5868032574653625 698
1721320569074 0.5866279602050781 699
1721320569101 0.586453378200531 700
1721320569129 0.5863213539123535 701
1721320569162 0.5861279368400574 702
1721320569189 0.5859754085540771 703
1721320569220 0.5858415365219116 704
1721320569247 0.5856814384460449 705
1721320569275 0.5855028629302979 706
1721320569302 0.5853157639503479 707
1721320569329 0.58516925573349 708
1721320569362 0.5850169658660889 709
1721320569390 0.5848302841186523 710
1721320569417 0.5846400856971741 711
1721320569446 0.5844824910163879 712
1721320569473 0.584321916103363 713
1721320569501 0.5841614603996277 714
1721320569530 0.583993136882782 715
1721320569589 0.5838363170623779 716
1721320569631 0.5836495161056519 717
1721320569663 0.5834873914718628 718
1721320569694 0.5833191871643066 719
1721320569725 0.5831574201583862 720
1721320569757 0.5829888582229614 721
1721320569791 0.5828374624252319 722
1721320569822 0.582679271697998 723
1721320569850 0.5825051069259644 724
1721320569880 0.5823282599449158 725
1721320569915 0.5822063684463501 726
1721320569947 0.5820195078849792 727
1721320569975 0.5818493962287903 728
1721320570004 0.5817062258720398 729
1721320570036 0.5815456509590149 730
1721320570070 0.5813693404197693 731
1721320570099 0.5811789035797119 732
1721320570127 0.5810456275939941 733
1721320570154 0.5808825492858887 734
1721320570183 0.580685019493103 735
1721320570297 0.580539882183075 736
1721320570349 0.5803840160369873 737
1721320570379 0.5802121162414551 738
1721320570406 0.5800256729125977 739
1721320570438 0.5799020528793335 740
1721320570474 0.5797365307807922 741
1721320570509 0.5795303583145142 742
1721320570543 0.5793798565864563 743
1721320570575 0.5792129039764404 744
1721320570602 0.5790309906005859 745
1721320570631 0.5789164304733276 746
1721320570660 0.5787472128868103 747
1721320570689 0.5785532593727112 748
1721320570730 0.5784041881561279 749
1721320570758 0.5782428979873657 750
1721320570786 0.5780660510063171 751
1721320570816 0.5778898000717163 752
1721320570844 0.5777221918106079 753
1721320570871 0.5775606036186218 754
1721320570928 0.5773962736129761 755
1721320570969 0.577231764793396 756
1721320570996 0.5770641565322876 757
1721320571025 0.5769068598747253 758
1721320571055 0.5767505168914795 759
1721320571083 0.5765939354896545 760
1721320571114 0.5764241218566895 761
1721320571143 0.5762448310852051 762
1721320571178 0.5760740041732788 763
1721320571207 0.5759134888648987 764
1721320571234 0.5757758617401123 765
1721320571263 0.5756259560585022 766
1721320571291 0.5754597187042236 767
1721320571320 0.575278639793396 768
1721320571392 0.5751153826713562 769
1721320571427 0.5749406814575195 770
1721320571455 0.5747981667518616 771
1721320571486 0.574652373790741 772
1721320571515 0.574489951133728 773
1721320571544 0.5743123888969421 774
1721320571582 0.574128270149231 775
1721320571608 0.5739759206771851 776
1721320571636 0.5737932920455933 777
1721320571666 0.57365882396698 778
1721320571694 0.5735184550285339 779
1721320571723 0.5733609199523926 780
1721320571753 0.5731879472732544 781
1721320571784 0.5730010867118835 782
1721320571815 0.5728245377540588 783
1721320571844 0.5726850628852844 784
1721320571873 0.572488009929657 785
1721320571904 0.572336733341217 786
1721320571975 0.5721737146377563 787
1721320572020 0.5719957947731018 788
1721320572048 0.5718659162521362 789
1721320572074 0.5716866254806519 790
1721320572101 0.5715281963348389 791
1721320572137 0.5713860988616943 792
1721320572165 0.5712291598320007 793
1721320572195 0.5710567831993103 794
1721320572223 0.5708706974983215 795
1721320572253 0.57071453332901 796
1721320572283 0.5705500841140747 797
1721320572316 0.5703847408294678 798
1721320572377 0.570244312286377 799
1721320572411 0.5700914859771729 800
1721320572446 0.5699230432510376 801
1721320572473 0.5697404146194458 802
1721320572502 0.5695464611053467 803
1721320572530 0.5694448947906494 804
1721320572558 0.5692681074142456 805
1721320572591 0.5690714120864868 806
1721320572621 0.5689296126365662 807
1721320572652 0.5687711238861084 808
1721320572682 0.5685977339744568 809
1721320572761 0.5684426426887512 810
1721320572799 0.5682767629623413 811
1721320572825 0.5681017637252808 812
1721320572852 0.5679408311843872 813
1721320572885 0.5677651762962341 814
1721320572914 0.5676232576370239 815
1721320572952 0.5674512386322021 816
1721320572980 0.5672900080680847 817
1721320573008 0.5671273469924927 818
1721320573036 0.5669527649879456 819
1721320573064 0.566785454750061 820
1721320573091 0.5666244029998779 821
1721320573120 0.5664608478546143 822
1721320573149 0.5663107633590698 823
1721320573230 0.5661481022834778 824
1721320573258 0.5659798383712769 825
1721320573291 0.5658330917358398 826
1721320573321 0.5656520128250122 827
1721320573352 0.5655037760734558 828
1721320573406 0.565341055393219 829
1721320573439 0.5651639103889465 830
1721320573468 0.5650373697280884 831
1721320573496 0.5648846626281738 832
1721320573526 0.564680278301239 833
1721320573557 0.5645265579223633 834
1721320573588 0.5643627643585205 835
1721320573620 0.5641846656799316 836
1721320573657 0.5640833377838135 837
1721320573690 0.5639048218727112 838
1721320573719 0.5637160539627075 839
1721320573749 0.563575029373169 840
1721320573777 0.5634174346923828 841
1721320573806 0.5632451176643372 842
1721320573861 0.5630708932876587 843
1721320573893 0.5629010796546936 844
1721320573921 0.5627381801605225 845
1721320573951 0.5625742077827454 846
1721320573983 0.5624079704284668 847
1721320574018 0.5622591972351074 848
1721320574048 0.562091052532196 849
1721320574078 0.5619336366653442 850
1721320574109 0.5617804527282715 851
1721320574137 0.5616119503974915 852
1721320574169 0.5614495277404785 853
1721320574198 0.5613005757331848 854
1721320574228 0.5611240863800049 855
1721320574254 0.5609553456306458 856
1721320574287 0.5608005523681641 857
1721320574314 0.5606374144554138 858
1721320574339 0.5604817867279053 859
1721320574373 0.5603171586990356 860
1721320574409 0.5601627826690674 861
1721320574440 0.5600102543830872 862
1721320574468 0.5598425269126892 863
1721320574495 0.5596611499786377 864
1721320574525 0.5595383644104004 865
1721320574553 0.5593639612197876 866
1721320574606 0.5591863989830017 867
1721320574640 0.5590442419052124 868
1721320574671 0.5588859915733337 869
1721320574704 0.5587131977081299 870
1721320574732 0.5585516691207886 871
1721320574758 0.5583831071853638 872
1721320574794 0.5582597255706787 873
1721320574821 0.5580616593360901 874
1721320574850 0.5578995943069458 875
1721320574881 0.5577676296234131 876
1721320574907 0.5576186180114746 877
1721320574937 0.5574542284011841 878
1721320574972 0.5572761297225952 879
1721320575007 0.5570854544639587 880
1721320575036 0.5569503903388977 881
1721320575066 0.5568138360977173 882
1721320575101 0.5566033720970154 883
1721320575131 0.5564412474632263 884
1721320575160 0.5563000440597534 885
1721320575191 0.5561478734016418 886
1721320575221 0.5559754371643066 887
1721320575249 0.5558167695999146 888
1721320575305 0.5556560158729553 889
1721320575338 0.5554869771003723 890
1721320575367 0.5553587675094604 891
1721320575406 0.5551562309265137 892
1721320575449 0.5549949407577515 893
1721320575488 0.5548638105392456 894
1721320575521 0.5547156929969788 895
1721320575547 0.5545523166656494 896
1721320575575 0.5543751120567322 897
1721320575606 0.5541855096817017 898
1721320575636 0.5540241003036499 899
1721320575666 0.5538753271102905 900
1721320575694 0.5536836385726929 901
1721320575722 0.5535264015197754 902
1721320575754 0.5533787608146667 903
1721320575784 0.5532287955284119 904
1721320575812 0.5530753135681152 905
1721320575847 0.5529125928878784 906
1721320575886 0.5527416467666626 907
1721320575920 0.5525632500648499 908
1721320575949 0.5523903369903564 909
1721320575977 0.5522244572639465 910
1721320576007 0.5520633459091187 911
1721320576038 0.5519226789474487 912
1721320576066 0.5517683625221252 913
1721320576094 0.5516012907028198 914
1721320576128 0.5514232516288757 915
1721320576155 0.5512763857841492 916
1721320576215 0.5511167049407959 917
1721320576247 0.5509346723556519 918
1721320576276 0.5507858991622925 919
1721320576304 0.5506219863891602 920
1721320576336 0.5504608750343323 921
1721320576366 0.5502965450286865 922
1721320576395 0.5501458048820496 923
1721320576428 0.5499547123908997 924
1721320576458 0.5498071908950806 925
1721320576486 0.5496554374694824 926
1721320576522 0.5494824051856995 927
1721320576551 0.549345850944519 928
1721320576578 0.5491830110549927 929
1721320576605 0.5489960312843323 930
1721320576636 0.5488413572311401 931
1721320576667 0.5486723184585571 932
1721320576695 0.5484956502914429 933
1721320576724 0.5483347177505493 934
1721320576752 0.5481780767440796 935
1721320576782 0.5480122566223145 936
1721320576815 0.5478483438491821 937
1721320576888 0.5476914048194885 938
1721320576916 0.5475229620933533 939
1721320576952 0.547357439994812 940
1721320576988 0.5472227334976196 941
1721320577017 0.5470378398895264 942
1721320577051 0.5468802452087402 943
1721320577078 0.5467085242271423 944
1721320577107 0.5465964674949646 945
1721320577136 0.5463953018188477 946
1721320577171 0.5462608337402344 947
1721320577198 0.5461273789405823 948
1721320577228 0.5459772348403931 949
1721320577261 0.5458123087882996 950
1721320577288 0.5456352829933167 951
1721320577317 0.5454453825950623 952
1721320577343 0.5452606081962585 953
1721320577370 0.5451470613479614 954
1721320577400 0.5449734926223755 955
1721320577428 0.5447695255279541 956
1721320577455 0.5446288585662842 957
1721320577487 0.5444724559783936 958
1721320577517 0.5443018674850464 959
1721320577544 0.5441185832023621 960
1721320577572 0.5439801216125488 961
1721320577600 0.543799102306366 962
1721320577629 0.5436471700668335 963
1721320577657 0.5435044765472412 964
1721320577685 0.5433505773544312 965
1721320577714 0.5431830286979675 966
1721320577775 0.5430024266242981 967
1721320577811 0.542810320854187 968
1721320577839 0.5427230000495911 969
1721320577876 0.5425626635551453 970
1721320577904 0.5423202514648438 971
1721320577935 0.5421790480613708 972
1721320577965 0.5420287847518921 973
1721320577994 0.5418638586997986 974
1721320578027 0.5416857600212097 975
1721320578057 0.5414989590644836 976
1721320578085 0.5413377285003662 977
1721320578116 0.5411931276321411 978
1721320578145 0.5410131216049194 979
1721320578179 0.5408577919006348 980
1721320578205 0.54068922996521 981
1721320578235 0.5405221581459045 982
1721320578263 0.5403498411178589 983
1721320578289 0.5402259230613708 984
1721320578319 0.5400353074073792 985
1721320578350 0.5398956537246704 986
1721320578381 0.5397523045539856 987
1721320578410 0.5395964980125427 988
1721320578441 0.5394232273101807 989
1721320578470 0.5392401218414307 990
1721320578500 0.5390456914901733 991
1721320578533 0.5389373898506165 992
1721320578603 0.5387738943099976 993
1721320578647 0.538546621799469 994
1721320578677 0.5383862853050232 995
1721320578716 0.5381836891174316 996
1721320578746 0.5379670262336731 997
1721320578778 0.5377523899078369 998
1721320578810 0.537590503692627 999
