1721322221608 0.75 0
1721322221646 0.75 1
1721322221974 0.75 5
1721322221781 0.75 3
1721322221900 0.75 4
1721322222237 0.75 8
1721322222143 0.75 7
1721322222331 0.75 9
1721322222042 0.75 6
1721322222448 0.75 10
1721322222541 0.75 11
1721322222675 0.75 13
1721322222612 0.75 12
1721322222820 0.75 14
1721322222965 0.75 16
1721322222890 0.75 15
1721322223028 0.75 17
1721322223099 0.75 18
1721322223165 0.75 19
1721322223236 0.75 20
1721322223417 0.75 22
1721322223547 0.75 24
1721322223483 0.75 23
1721322223613 0.75 25
1721322223822 0.75 28
1721322223681 0.75 26
1721322223749 0.75 27
1721322223959 0.75 30
1721322223889 0.75 29
1721322224032 0.75 31
1721322224156 0.75 33
1721322224320 0.75 34
1721322224091 0.75 32
1721322224451 0.75 36
1721322224388 0.75 35
1721322224531 0.75 37
1721322224671 0.75 39
1721322224595 0.75 38
1721322224744 0.75 40
1721322224900 0.5 42
1721322224822 0.75 41
1721322224973 0.5 43
1721322225120 0.5 45
1721322225186 0.5 46
1721322225256 0.5 48
1721322225044 0.5 44
1721322225223 0.5 47
1721322225289 0.5 49
1721322225316 0.5 50
1721322225347 0.5 51
1721322225380 0.5 52
1721322225408 0.5 53
1721322225465 0.5 55
1721322225434 0.5 54
1721322225528 0.5 57
1721322225557 0.5 58
1721322225496 0.5 56
1721322225586 0.5 59
1721322225616 0.5 60
1721322225661 0.5 61
1721322225720 0.5 63
1721322225692 0.5 62
1721322225748 0.5 64
1721322225776 0.5 65
1721322225806 0.5 66
1721322225859 0.5 68
1721322225832 0.5 67
1721322225888 0.5 69
1721322225915 0.5 70
1721322225942 0.5 71
1721322225970 0.5 72
1721322225998 0.5 73
1721322226052 0.5 75
1721322226079 0.5 76
1721322226138 0.5 78
1721322226109 0.5 77
1721322226164 0.5 79
1721322226219 0.5 81
1721322226245 0.5 82
1721322226192 0.5 80
1721322226297 0.5 84
1721322226271 0.5 83
1721322226376 0.5 87
1721322226323 0.5 85
1721322226350 0.5 86
1721322226429 0.5 89
1721322226403 0.5 88
1721322226509 0.5 92
1721322226455 0.5 90
1721322226536 0.5 93
1721322226481 0.5 91
1721322226566 0.5 94
1721322226671 0.75 96
1721322226631 0.5 95
1721322226707 0.75 97
1721322226734 0.75 98
1721322226791 0.75 100
1721322226820 0.75 101
1721322226904 0.75 104
1721322226876 0.75 103
1721322226962 0.75 106
1721322226935 0.75 105
1721322227019 0.75 108
1721322227047 0.75 109
1721322226991 0.75 107
1721322227105 0.75 111
1721322227133 0.75 112
1721322227161 0.75 113
1721322227192 0.75 114
1721322227294 0.75 117
1721322227251 0.75 116
1721322227221 0.75 115
1721322227341 0.75 118
1721322227380 0.75 119
1721322227417 0.75 120
1721322227454 0.75 121
1721322227491 0.75 122
1721322227567 0.75 124
1721322227530 0.75 123
1721322227611 0.75 125
1721322227672 0.75 127
1721322227700 0.75 128
1721322227755 0.75 130
1721322227728 0.75 129
1721322227784 0.75 131
1721322227905 0.75 135
1721322227967 0.75 137
1721322227844 0.75 133
1721322227816 0.75 132
1721322227878 0.75 134
1721322227939 0.75 136
1721322227994 0.75 138
1721322228024 0.75 139
1721322228055 0.75 140
1721322228084 0.75 141
1721322228142 0.75 143
1721322228114 0.75 142
1721322228170 0.75 144
1721322228198 0.75 145
1721322228225 0.75 146
1721322228256 0.75 147
1721322228286 0.75 148
1721322228313 0.75 149
1721322228344 0.75 150
1721322228373 0.75 151
1721322228402 0.75 152
1721322228432 0.75 153
1721322228516 0.75 156
1721322228462 0.75 154
1721322228488 0.75 155
1721322228568 0.75 158
1721322228594 0.75 159
1721322228541 0.75 157
1721322228620 0.75 160
1721322228647 0.75 161
1721322228674 0.75 162
1721322228728 0.75 164
1721322228809 0.75 167
1721322228701 0.75 163
1721322228754 0.75 165
1721322228782 0.75 166
1721322228862 0.75 169
1721322228834 0.75 168
1721322228890 0.75 170
1721322228918 0.75 171
1721322228975 0.75 173
1721322228951 0.75 172
1721322229067 0.75 175
1721322229097 0.75 176
1721322229123 0.75 177
1721322229002 0.75 174
1721322229149 0.75 178
1721322229174 0.75 179
1721322229199 0.75 180
1721322229252 0.75 182
1721322229307 0.75 184
1721322229226 0.75 181
1721322229278 0.75 183
1721322229359 0.75 186
1721322229386 0.75 187
1721322229333 0.75 185
1721322229413 0.75 188
1721322229440 0.75 189
1721322229467 0.75 190
1721322229493 0.75 191
1721322229627 0.75 196
1721322229601 0.75 195
1721322229546 0.75 193
1721322229680 0.75 198
1721322229520 0.75 192
1721322229572 0.75 194
1721322229654 0.75 197
1721322229708 0.75 199
1721322229735 0.75 200
1721322229763 0.75 201
1721322229820 0.75 203
1721322229873 0.75 205
1721322229846 0.75 204
1721322229930 0.75 207
1721322229901 0.75 206
1721322229793 0.75 202
1721322229959 0.75 208
1721322230014 0.75 210
1721322229986 0.75 209
1721322230045 0.75 211
1721322230072 0.75 212
1721322230104 0.75 213
1721322230209 0.75 215
1721322230234 0.75 216
1721322230259 0.75 217
1721322230173 0.75 214
1721322230285 0.75 218
1721322230312 0.75 219
1721322230338 0.75 220
1721322230366 0.75 221
1721322230392 0.75 222
1721322230525 0.75 227
1721322230421 0.75 223
1721322230445 0.75 224
1721322230474 0.75 225
1721322230499 0.75 226
1721322230551 0.75 228
1721322230579 0.75 229
1721322230631 1.0 231
1721322230605 1.0 230
1721322230660 1.0 232
1721322230688 1.0 233
1721322230741 1.0 235
1721322230713 1.0 234
1721322230768 1.0 236
1721322230794 1.0 237
1721322230848 1.0 239
1721322230822 1.0 238
1721322230874 1.0 240
1721322230902 1.0 241
1721322230930 1.0 242
1721322230955 1.0 243
1721322230981 1.0 244
1721322231008 1.0 245
1721322231035 1.0 246
1721322231160 1.0 249
1721322231093 1.0 247
1721322231123 1.0 248
1721322231187 1.0 250
1721322231266 1.0 253
1721322231212 1.0 251
1721322231291 1.0 254
1721322231238 1.0 252
1721322231316 1.0 255
1721322231342 1.0 256
1721322231368 1.0 257
1721322231399 1.0 258
1721322231455 1.0 260
1721322231430 1.0 259
1721322231481 1.0 261
1721322231508 1.0 262
1721322231535 1.0 263
1721322231564 1.0 264
1721322231589 1.0 265
1721322231618 1.0 266
1721322231645 1.0 267
1721322231672 1.0 268
1721322231698 1.0 269
1721322231723 1.0 270
1721322231751 1.0 271
1721322231781 1.0 272
1721322231807 1.0 273
1721322231837 1.0 274
1721322231863 1.0 275
1721322231923 1.0 277
1721322231894 1.0 276
1721322231948 1.0 278
1721322232032 1.0 280
1721322232002 1.0 279
1721322232084 1.0 282
1721322232058 1.0 281
1721322232113 1.0 283
1721322232140 1.0 284
1721322232167 1.0 285
1721322232196 1.0 286
1721322232254 1.0 288
1721322232223 1.0 287
1721322232281 1.0 289
1721322232340 1.0 291
1721322232311 1.0 290
1721322232398 1.0 293
1721322232426 1.0 294
1721322232455 1.0 295
1721322232483 1.0 296
1721322232508 1.0 297
1721322232563 1.0 299
1721322232534 1.0 298
1721322232591 1.0 300
1721322232650 1.0 302
1721322232723 1.0 303
1721322232623 1.0 301
1721322232784 1.0 305
1721322232754 1.0 304
1721322232813 1.0 306
1721322232838 1.0 307
1721322232891 1.0 309
1721322232863 1.0 308
1721322232918 1.0 310
1721322232969 1.0 312
1721322232943 1.0 311
1721322232996 1.0 313
1721322233024 1.0 314
1721322233053 1.0 315
1721322233079 1.0 316
1721322233134 1.0 318
1721322233107 1.0 317
1721322233190 1.0 320
1721322233164 1.0 319
1721322233244 1.0 322
1721322233219 1.0 321
1721322233305 1.0 324
1721322233277 1.0 323
1721322233389 1.0 327
1721322233331 1.0 325
1721322233360 1.0 326
1721322233482 1.0 329
1721322233416 1.0 328
1721322233509 1.0 330
1721322233562 1.0 332
1721322233537 1.0 331
1721322233620 1.0 334
1721322233590 1.0 333
1721322233675 1.0 336
1721322233649 1.0 335
1721322233701 1.0 337
1721322233755 1.0 339
1721322233789 1.0 340
1721322233728 1.0 338
1721322233818 1.0 341
1721322233847 1.0 342
1721322233956 1.0 346
1721322233873 1.0 343
1721322233982 1.0 347
1721322233900 1.0 344
1721322233930 1.0 345
1721322234070 1.0 350
1721322234013 1.0 348
1721322234041 1.0 349
1721322234098 1.0 351
1721322234191 1.0 353
1721322234254 1.0 355
1721322234158 1.0 352
1721322234222 1.0 354
1721322234284 1.0 356
1721322234309 1.0 357
1721322234337 1.0 358
1721322234366 1.0 359
1721322234396 1.0 360
1721322234422 1.0 361
1721322234451 1.0 362
1721322234480 1.0 363
1721322234506 1.0 364
1721322234561 1.0 366
1721322234535 1.0 365
1721322234588 1.0 367
1721322234615 1.0 368
1721322234672 1.0 370
1721322234644 1.0 369
1721322234700 1.0 371
1721322234726 1.0 372
1721322234782 1.0 373
1721322234814 1.0 374
1721322234839 1.0 375
1721322234866 1.0 376
1721322234942 1.0 379
1721322234969 1.0 380
1721322234890 1.0 377
1721322234996 1.0 381
1721322235022 1.0 382
1721322235051 1.0 383
1721322235076 1.0 384
1721322235106 1.0 385
1721322235137 1.0 386
1721322235164 1.0 387
1721322235252 1.0 390
1721322235193 1.0 388
1721322235225 1.0 389
1721322235279 1.0 391
1721322235307 1.0 392
1721322235333 1.0 393
1721322235394 1.0 394
1721322235454 1.0 396
1721322235428 1.0 395
1721322235508 1.0 398
1721322235482 1.0 397
1721322235536 1.0 399
1721322235562 1.0 400
1721322235591 1.0 401
1721322235622 1.0 402
1721322235652 1.0 403
1721322235682 1.0 404
1721322235708 1.0 405
1721322235734 1.0 406
1721322235793 1.0 408
1721322235765 1.0 407
1721322235821 1.0 409
1721322235851 1.0 410
1721322235884 1.0 411
1721322235909 1.0 412
1721322235936 1.0 413
1721322236038 1.0 415
1721322235963 1.0 414
1721322236065 1.0 416
1721322236093 1.0 417
1721322236146 1.0 419
1721322236120 1.0 418
1721322236171 1.0 420
1721322236228 1.0 422
1721322236200 1.0 421
1721322236255 1.0 423
1721322236306 1.0 425
1721322236280 1.0 424
1721322236334 1.0 426
1721322236391 1.0 428
1721322236361 1.0 427
1721322236493 1.0 430
1721322236422 1.0 429
1721322236520 1.0 431
1721322236581 1.0 432
1721322236613 1.0 433
1721322236642 1.0 434
1721322236706 1.0 436
1721322236670 1.0 435
1721322236734 1.0 437
1721322236759 1.0 438
1721322236784 1.0 439
1721322236817 1.0 440
1721322236843 1.0 441
1721322236895 1.0 443
1721322236869 1.0 442
1721322236925 1.0 444
1721322236951 1.0 445
1721322236978 1.0 446
1721322237031 1.0 448
1721322237058 1.0 449
1721322237004 1.0 447
1721322237119 1.0 451
1721322237088 1.0 450
1721322237147 1.0 452
1721322237174 1.0 453
1721322237235 1.0 454
1721322237293 1.0 456
1721322237267 1.0 455
1721322237346 1.0 458
1721322237384 1.0 459
1721322237471 1.0 462
1721322237412 1.0 460
1721322237444 1.0 461
1721322237499 1.0 463
1721322237524 1.0 464
1721322237581 1.0 466
1721322237550 1.0 465
1721322237606 1.0 467
1721322237632 1.0 468
1721322237657 1.0 469
1721322237746 1.0 471
1721322237773 1.0 472
1721322237806 1.0 473
1721322237684 1.0 470
1721322237834 1.0 474
1721322237862 1.0 475
1721322237889 1.0 476
1721322237917 1.0 477
1721322237945 1.0 478
1721322237973 1.0 479
1721322238001 1.0 480
1721322238088 1.0 483
1721322238060 1.0 482
1721322238034 1.0 481
1721322238115 1.0 484
1721322238141 1.0 485
1721322238221 1.0 488
1721322238315 1.0 490
1721322238167 1.0 486
1721322238193 1.0 487
1721322238280 1.0 489
1721322238345 1.0 491
1721322238370 1.0 492
1721322238400 1.0 493
1721322238427 1.0 494
1721322238453 1.0 495
1721322238480 1.0 496
1721322238571 1.0 499
1721322238540 1.0 498
1721322238509 1.0 497
1721322238657 1.0 502
1721322238628 1.0 501
1721322238601 1.0 500
1721322238718 1.0 504
1721322238691 1.0 503
1721322238743 1.0 505
1721322238850 1.0 507
1721322238935 1.0 510
1721322238818 1.0 506
1721322238879 1.0 508
1721322238907 1.0 509
1721322238989 1.0 512
1721322238960 1.0 511
1721322239016 1.0 513
1721322239044 1.0 514
1721322239073 1.0 515
1721322239099 1.0 516
1721322239164 1.0 518
1721322239130 1.0 517
1721322239190 1.0 519
1721322239275 1.0 522
1721322239301 1.0 523
1721322239245 1.0 521
1721322239364 1.0 524
1721322239396 1.0 525
1721322239422 1.0 526
1721322239448 1.0 527
1721322239473 1.0 528
1721322239500 1.0 529
1721322239526 1.0 530
1721322239606 1.0 533
1721322239579 1.0 532
1721322239552 1.0 531
1721322239632 1.0 534
1721322239685 1.0 536
1721322239657 1.0 535
1721322239736 1.0 538
1721322239790 1.0 540
1721322239709 1.0 537
1721322239764 1.0 539
1721322239816 1.0 541
1721322239850 1.0 542
1721322239914 1.0 543
1721322239943 1.0 544
1721322239972 1.0 545
1721322239999 1.0 546
1721322240029 1.0 547
1721322240111 1.0 550
1721322240057 1.0 548
1721322240193 1.0 553
1721322240137 1.0 551
1721322240165 1.0 552
1721322240084 1.0 549
1721322240228 1.0 554
1721322240254 1.0 555
1721322240282 1.0 556
1721322240308 1.0 557
1721322240359 1.0 559
1721322240389 1.0 560
1721322240501 1.0 562
1721322240528 1.0 563
1721322240334 1.0 558
1721322240475 1.0 561
1721322240554 1.0 564
1721322240580 1.0 565
1721322240609 1.0 566
1721322240668 1.0 568
1721322240636 1.0 567
1721322240720 1.0 570
1721322240748 1.0 571
1721322240775 1.0 572
1721322240803 1.0 573
1721322240874 1.0 574
1721322240904 1.0 575
1721322240959 1.0 577
1721322240932 1.0 576
1721322241045 1.0 580
1721322240987 1.0 578
1721322241013 1.0 579
1721322241073 1.0 581
1721322241103 1.0 582
1721322241128 1.0 583
1721322241155 1.0 584
1721322241182 1.0 585
1721322241208 1.0 586
1721322241236 1.0 587
1721322241310 1.0 588
1721322241368 1.0 590
1721322241395 1.0 591
1721322241341 1.0 589
1721322241446 1.0 593
1721322241421 1.0 592
1721322241475 1.0 594
1721322241505 1.0 595
1721322241539 1.0 596
1721322241566 1.0 597
1721322241596 1.0 598
1721322241715 1.0 601
1721322241622 1.0 599
1721322241651 1.0 600
1721322241771 1.0 603
1721322241745 1.0 602
1721322241798 1.0 604
1721322241828 1.0 605
1721322241854 1.0 606
1721322241961 1.0 610
1721322241908 1.0 608
1721322241881 1.0 607
1721322241987 1.0 611
1721322242014 1.0 612
1721322241934 1.0 609
1721322242088 1.0 613
1721322242118 1.0 614
1721322242144 1.0 615
1721322242170 1.0 616
1721322242197 1.0 617
1721322242276 1.0 620
1721322242251 1.0 619
1721322242333 1.0 622
1721322242224 1.0 618
1721322242304 1.0 621
1721322242360 1.0 623
1721322242389 1.0 624
1721322242417 1.0 625
1721322242516 1.0 627
1721322242483 1.0 626
1721322242616 1.0 630
1721322242653 1.0 631
1721322242581 1.0 629
1721322242544 1.0 628
1721322242682 1.0 632
1721322242741 1.0 634
1721322242712 1.0 633
1721322242774 1.0 635
1721322242835 1.0 637
1721322242803 1.0 636
1721322242965 1.0 640
1721322242902 1.0 638
1721322242935 1.0 639
1721322242995 1.0 641
1721322243023 1.0 642
1721322243054 1.0 643
1721322243083 1.0 644
1721322243112 1.0 645
1721322243142 1.0 646
1721322243346 1.0 651
1721322243177 1.0 647
1721322243209 1.0 648
1721322243243 1.0 649
1721322243280 1.0 650
1721322243380 1.0 652
1721322243414 1.0 653
1721322243445 1.0 654
1721322243647 1.0 659
1721322243503 1.0 656
1721322243613 1.0 658
1721322243474 1.0 655
1721322243713 1.0 661
1721322243583 1.0 657
1721322243677 1.0 660
1721322243870 1.0 664
1721322243798 1.0 662
1721322243838 1.0 663
1721322243935 1.0 666
1721322243904 1.0 665
1721322244027 1.0 669
1721322243965 1.0 667
1721322244092 1.0 671
1721322243995 1.0 668
1721322244058 1.0 670
1721322244125 1.0 672
1721322244155 1.0 673
1721322244230 1.0 674
1721322244445 1.0 679
1721322244297 1.0 676
1721322244367 1.0 678
1721322244329 1.0 677
1721322244512 1.0 681
1721322244480 1.0 680
1721322244586 1.0 683
1721322244620 1.0 684
1721322244834 1.0 690
1721322244714 1.0 686
1721322244744 1.0 687
1721322244801 1.0 689
1721322244773 1.0 688
1721322244859 1.0 691
1721322244888 1.0 692
1721322244951 1.0 694
1721322244922 1.0 693
1721322245099 1.0 698
1721322245032 1.0 697
1721322244978 1.0 695
1721322245187 1.0 701
1721322245005 1.0 696
1721322245213 1.0 702
1721322245133 1.0 699
1721322245241 1.0 703
1721322245267 1.0 704
1721322245472 1.0 710
1721322245296 1.0 705
1721322245350 1.0 707
1721322245323 1.0 706
1721322245441 1.0 709
1721322245497 1.0 711
1721322245375 1.0 708
1721322245523 1.0 712
1721322245549 1.0 713
1721322245576 1.0 714
1721322245604 1.0 715
1721322245630 1.0 716
1721322245684 1.0 718
1721322245656 1.0 717
1721322245710 1.0 719
1721322245736 1.0 720
1721322245794 1.0 721
1721322245863 1.0 723
1721322245836 1.0 722
1721322245890 1.0 724
1721322245916 1.0 725
1721322246007 1.0 728
1721322245977 1.0 727
1721322245947 1.0 726
1721322246035 1.0 729
1721322246154 1.0 732
1721322246061 1.0 730
1721322246087 1.0 731
1721322246189 1.0 733
1721322246215 1.0 734
1721322246281 1.0 736
1721322246309 1.0 737
1721322246247 1.0 735
1721322246368 1.0 739
1721322246424 1.0 741
1721322246342 1.0 738
1721322246452 1.0 742
1721322246398 1.0 740
1721322246480 1.0 743
1721322246562 1.0 746
1721322246616 1.0 748
1721322246535 1.0 745
1721322246587 1.0 747
1721322246507 1.0 744
1721322246643 1.0 749
1721322246671 1.0 750
1721322246703 1.0 751
1721322246729 1.0 752
1721322246794 1.0 753
1721322246825 1.0 754
1721322246940 1.0 758
1721322246915 1.0 757
1721322246856 1.0 755
1721322246884 1.0 756
1721322246965 1.0 759
1721322246996 1.0 760
1721322247024 1.0 761
1721322247055 1.0 762
1721322247082 1.0 763
1721322247108 1.0 764
1721322247137 1.0 765
1721322247218 1.0 768
1721322247165 1.0 766
1721322247191 1.0 767
1721322247244 1.0 769
1721322247307 1.0 770
1721322247335 1.0 771
1721322247361 1.0 772
1721322247471 1.0 776
1721322247442 1.0 775
1721322247389 1.0 773
1721322247415 1.0 774
1721322247505 1.0 777
1721322247534 1.0 778
1721322247561 1.0 779
1721322247616 1.0 781
1721322247590 1.0 780
1721322247643 1.0 782
1721322247801 1.0 788
1721322247695 1.0 784
1721322247669 1.0 783
1721322247748 1.0 786
1721322247774 1.0 787
1721322247722 1.0 785
1721322247829 1.0 789
1721322247891 1.0 791
1721322247863 1.0 790
1721322248034 1.0 795
1721322247947 1.0 793
1721322247919 1.0 792
1721322248091 1.0 797
1721322248007 1.0 794
1721322248064 1.0 796
1721322248117 1.0 798
1721322248145 1.0 799
1721322248172 1.0 800
1721322248226 1.0 802
1721322248200 1.0 801
1721322248313 1.0 805
1721322248396 1.0 808
1721322248342 1.0 806
1721322248252 1.0 803
1721322248283 1.0 804
1721322248369 1.0 807
1721322248422 1.0 809
1721322248451 1.0 810
1721322248504 1.0 812
1721322248477 1.0 811
1721322248618 1.0 816
1721322248532 1.0 813
1721322248561 1.0 814
1721322248644 1.0 817
1721322248588 1.0 815
1721322248718 1.0 818
1721322248746 1.0 819
1721322248773 1.0 820
1721322248798 1.0 821
1721322248856 1.0 823
1721322248912 1.0 825
1721322248829 1.0 822
1721322248939 1.0 826
1721322248886 1.0 824
1721322248993 1.0 828
1721322248967 1.0 827
1721322249021 1.0 829
1721322249082 1.0 831
1721322249049 1.0 830
1721322249107 1.0 832
1721322249163 1.0 834
1721322249135 1.0 833
1721322249253 1.0 836
1721322249284 1.0 837
1721322249311 1.0 838
1721322249188 1.0 835
1721322249368 1.0 840
1721322249340 1.0 839
1721322249393 1.0 841
1721322249454 1.0 843
1721322249421 1.0 842
1721322249507 1.0 845
1721322249587 1.0 848
1721322249535 1.0 846
1721322249480 1.0 844
1721322249562 1.0 847
1721322249668 1.0 851
1721322249616 1.0 849
1721322249641 1.0 850
1721322249695 1.0 852
1721322249837 1.0 857
1721322249721 1.0 853
1721322249805 1.0 856
1721322249747 1.0 854
1721322249901 1.0 858
1721322249986 1.0 861
1721322249957 1.0 860
1721322249926 1.0 859
1721322250040 1.0 863
1721322250015 1.0 862
1721322250068 1.0 864
1721322250121 1.0 866
1721322250095 1.0 865
1721322250155 1.0 867
1721322250183 1.0 868
1721322250208 1.0 869
1721322250235 1.0 870
1721322250266 1.0 871
1721322250303 1.0 872
1721322250331 1.0 873
1721322250387 1.0 874
1721322250418 1.0 875
1721322250474 1.0 877
1721322250447 1.0 876
1721322250506 1.0 878
1721322250561 1.0 880
1721322250536 1.0 879
1721322250641 1.0 883
1721322250614 1.0 882
1721322250587 1.0 881
1721322250669 1.0 884
1721322250721 1.0 886
1721322250695 1.0 885
1721322250750 1.0 887
1721322250777 1.0 888
1721322250837 1.0 890
1721322250801 1.0 889
1721322250866 1.0 891
1721322250924 1.0 893
1721322250955 1.0 894
1721322251020 1.0 895
1721322251079 1.0 897
1721322251053 1.0 896
1721322250895 1.0 892
1721322251105 1.0 898
1721322251132 1.0 899
1721322251192 1.0 901
1721322251159 1.0 900
1721322251247 1.0 903
1721322251221 1.0 902
1721322251273 1.0 904
1721322251331 1.0 906
1721322251301 1.0 905
1721322251386 1.0 908
1721322251357 1.0 907
1721322251415 1.0 909
1721322251443 1.0 910
1721322251502 1.0 912
1721322251473 1.0 911
1721322251594 1.0 915
1721322251566 1.0 914
1721322251649 1.0 917
1721322251718 1.0 918
1721322251621 1.0 916
1721322251530 1.0 913
1721322251745 1.0 919
1721322251771 1.0 920
1721322251797 1.0 921
1721322251831 1.0 922
1721322251861 1.0 923
1721322251893 1.0 924
1721322251922 1.0 925
1721322251977 1.0 927
1721322252003 1.0 928
1721322251950 1.0 926
1721322252084 1.0 931
1721322252030 1.0 929
1721322252055 1.0 930
1721322252165 1.0 934
1721322252137 1.0 933
1721322252194 1.0 935
1721322252110 1.0 932
1721322252317 1.0 938
1721322252250 1.0 937
1721322252224 1.0 936
1721322252349 1.0 939
1721322252375 1.0 940
1721322252404 1.0 941
1721322252431 1.0 942
1721322252461 1.0 943
1721322252502 1.0 944
1721322252598 1.0 947
1721322252571 1.0 946
1721322252544 1.0 945
1721322252623 1.0 948
1721322252676 1.0 950
1721322252704 1.0 951
1721322252650 1.0 949
1721322252733 1.0 952
1721322252759 1.0 953
1721322252811 1.0 955
1721322252875 1.0 957
1721322252785 1.0 954
1721322252937 1.0 958
1721322252845 1.0 956
1721322252971 1.0 959
1721322253026 1.0 961
1721322253000 1.0 960
1721322253055 1.0 962
1721322253087 1.0 963
1721322253115 1.0 964
1721322253143 1.0 965
1721322253168 1.0 966
1721322253201 1.0 967
1721322253254 1.0 969
1721322253228 1.0 968
1721322253311 1.0 971
1721322253341 1.0 972
1721322253284 1.0 970
1721322253368 1.0 973
1721322253395 1.0 974
1721322253420 1.0 975
1721322253451 1.0 976
1721322253583 1.0 979
1721322253478 1.0 977
1721322253549 1.0 978
1721322253647 1.0 981
1721322253611 1.0 980
1721322253681 1.0 982
1721322253732 1.0 984
1721322253790 1.0 986
1721322253706 1.0 983
1721322253762 1.0 985
1721322253817 1.0 987
1721322253844 1.0 988
1721322253903 1.0 990
1721322253872 1.0 989
1721322253930 1.0 991
1721322253957 1.0 992
1721322254104 1.0 996
1721322254191 1.0 999
1721322253984 1.0 993
1721322254013 1.0 994
1721322254038 1.0 995
1721322254135 1.0 997
1721322254165 1.0 998
