1721322221608 0.7106966972351074 0
1721322221646 0.710232138633728 1
1721322221707 0.709769606590271 2

1721322221781 0.7093093395233154 3
1721322222237 0.7070434093475342 8
1721322221974 0.708395779132843 5
1721322222143 0.7074917554855347 7
1721322222331 0.7065975666046143 9
1721322222448 0.7061541080474854 10
1721322222042 0.707942545413971 6
1721322222541 0.7057133316993713 11
1721322222820 0.7044062614440918 14
1721322222612 0.7052750587463379 12
1721322222965 0.7035478949546814 16
1721322222890 0.7039757966995239 15
1721322222675 0.7048394083976746 13
1721322223099 0.7026999592781067 18
1721322223165 0.7022799253463745 19
1721322223028 0.703122615814209 17
1721322223236 0.701862633228302 20
1721322223417 0.7010357975959778 22
1721322223483 0.7006263732910156 23
1721322223822 0.698618471622467 28
1721322223547 0.7002195119857788 24
1721322223613 0.6998153328895569 25
1721322223346 0.7014478445053101 21
1721322223681 0.6994137763977051 26
1721322223749 0.6990147829055786 27
1721322223959 0.6978334784507751 30
1721322223889 0.698224663734436 29
1721322224032 0.6974448561668396 31
1721322224156 0.696675181388855 33
1721322224091 0.6970586776733398 32
1721322224320 0.6962940096855164 34
1721322224451 0.6955392956733704 36
1721322224388 0.6959154605865479 35
1721322224531 0.6951656341552734 37
1721322224671 0.6944254040718079 39
1721322224595 0.6947943568229675 38
1721322224744 0.6940589547157288 40
1721322224900 0.6933329701423645 42
1721322224822 0.6936947703361511 41
1721322224973 0.6929733753204346 43
1721322225120 0.6922609806060791 45
1721322225186 0.6919081807136536 46
1721322225256 0.6912090182304382 48
1721322225223 0.6915575265884399 47
1721322225044 0.6926161050796509 44
1721322225289 0.6908626556396484 49
1721322225316 0.6905183792114258 50
1721322225347 0.6901761293411255 51
1721322225408 0.6894978284835815 53
1721322225380 0.6898359656333923 52
1721322225434 0.6891616582870483 54
1721322225465 0.6888273358345032 55
1721322225528 0.6881645917892456 57
1721322225557 0.6878359317779541 58
1721322225496 0.6884949803352356 56
1721322225586 0.6875092387199402 59
1721322225616 0.68718421459198 60
1721322225720 0.6862198114395142 63
1721322225661 0.6868610382080078 61
1721322225776 0.6855853199958801 65
1721322225692 0.6865396499633789 62
1721322225748 0.6859017610549927 64
1721322225806 0.6852704882621765 66
1721322225859 0.6846455335617065 68
1721322225832 0.6849572062492371 67
1721322225888 0.6843354105949402 69
1721322225915 0.6840267777442932 70
1721322225942 0.6837195754051208 71
1721322225970 0.6834138035774231 72
1721322225998 0.6831094622612 73
1721322226052 0.6825048923492432 75
1721322226079 0.6822046041488647 76
1721322226025 0.6828064918518066 74
1721322226138 0.6816078424453735 78
1721322226109 0.6819056272506714 77
1721322226164 0.6813113689422607 79
1721322226219 0.6807220578193665 81
1721322226192 0.6810160875320435 80
1721322226245 0.6804291009902954 82
1721322226271 0.6801372766494751 83
1721322226297 0.6798465847969055 84
1721322226376 0.6789807677268982 87
1721322226323 0.6795569062232971 85
1721322226350 0.6792683601379395 86
1721322226429 0.6784086227416992 89
1721322226403 0.6786942481994629 88
1721322226509 0.6775574088096619 92
1721322226455 0.6781240105628967 90
1721322226536 0.6772754788398743 93
1721322226566 0.6769943237304688 94
1721322226481 0.6778402328491211 91
1721322226671 0.6764345765113831 96
1721322226631 0.6767140626907349 95
1721322226707 0.6761558651924133 97
1721322226763 0.6756006479263306 99
1721322226734 0.6758778095245361 98
1721322226791 0.675324022769928 100
1721322226820 0.6750482320785522 101
1721322226847 0.6747729778289795 102
1721322226904 0.6742244362831116 104
1721322226876 0.674498438835144 103
1721322226962 0.6736781597137451 106
1721322226935 0.6739510297775269 105
1721322227019 0.6731342077255249 108
1721322227047 0.6728628873825073 109
1721322226991 0.6734058856964111 107
1721322227105 0.6723217964172363 111
1721322227074 0.6725921630859375 110
1721322227161 0.6717824935913086 113
1721322227133 0.6720519661903381 112
1721322227192 0.6715133786201477 114
1721322227294 0.6707084774971008 117
1721322227251 0.6709764003753662 116
1721322227221 0.671244740486145 115
1721322227341 0.6704407930374146 118
1721322227380 0.6701734066009521 119
1721322227417 0.6699063777923584 120
1721322227454 0.6696394681930542 121
1721322227567 0.6688404083251953 124
1721322227491 0.6693729162216187 122
1721322227530 0.6691066026687622 123
1721322227642 0.6683087348937988 126
1721322227611 0.6685745120048523 125
1721322227672 0.6680430769920349 127
1721322227700 0.6677776575088501 128
1721322227755 0.6672469973564148 130
1721322227728 0.6675121784210205 129
1721322227784 0.6669818162918091 131
1721322227905 0.665921688079834 135
1721322227967 0.6653918027877808 137
1721322227844 0.6664516925811768 133
1721322227816 0.6667167544364929 132
1721322227878 0.6661866903305054 134
1721322227939 0.6656567454338074 136
1721322227994 0.6651268005371094 138
1721322228055 0.664596676826477 140
1721322228024 0.6648616790771484 139
1721322228084 0.6643314957618713 141
1721322228142 0.6638010144233704 143
1721322228114 0.6640663146972656 142
1721322228170 0.6635355353355408 144
1721322228198 0.6632699966430664 145
1721322228225 0.6630043387413025 146
1721322228286 0.6624725461006165 148
1721322228256 0.6627385020256042 147
1721322228313 0.6622064113616943 149
1721322228373 0.6616735458374023 151
1721322228344 0.6619400978088379 150
1721322228432 0.6611398458480835 153
1721322228402 0.6614068150520325 152
1721322228488 0.6606051921844482 155
1721322228462 0.6608726978302002 154
1721322228516 0.6603375673294067 156
1721322228568 0.6598013639450073 158
1721322228594 0.6595328450202942 159
1721322228541 0.6600695848464966 157
1721322228620 0.6592640280723572 160
1721322228647 0.6589949131011963 161
1721322228674 0.6587255001068115 162
1721322228728 0.658185601234436 164
1721322228809 0.6573731899261475 167
1721322228782 0.6576443314552307 166
1721322228701 0.6584557294845581 163
1721322228754 0.6579151153564453 165
1721322228862 0.6568296551704407 169
1721322228834 0.6571016907691956 168
1721322228890 0.6565573215484619 170
1721322228918 0.6562846899032593 171
1721322228975 0.6557379961013794 173
1721322228951 0.6560114622116089 172
1721322229067 0.6551896333694458 175
1721322229097 0.6549147367477417 176
1721322229123 0.654639482498169 177
1721322229002 0.6554640531539917 174
1721322229174 0.6540875434875488 179
1721322229199 0.6538108587265015 180
1721322229252 0.6532560586929321 182
1721322229226 0.6535336971282959 181
1721322229307 0.6526992917060852 184
1721322229333 0.6524202227592468 185
1721322229278 0.6529779434204102 183
1721322229386 0.6518604159355164 187
1721322229359 0.6521404981613159 186
1721322229413 0.651579737663269 188
1721322229440 0.6512985229492188 189
1721322229467 0.6510167717933655 190
1721322229493 0.6507346630096436 191
1721322229601 0.6496001482009888 195
1721322229627 0.6493151187896729 196
1721322229680 0.6487433910369873 198
1721322229520 0.6504517793655396 192
1721322229546 0.6501684188842773 193
1721322229572 0.6498845815658569 194
1721322229654 0.6490294933319092 197
1721322229708 0.6484566926956177 199
1721322229735 0.6481693983078003 200
1721322229763 0.6478815078735352 201
1721322229820 0.6473039388656616 203
1721322229873 0.6467240452766418 205
1721322229930 0.646141767501831 207
1721322229793 0.6475930213928223 202
1721322229901 0.6464332342147827 206
1721322229846 0.6470143795013428 204
1721322229959 0.6458497047424316 208
1721322230014 0.6452637314796448 210
1721322229986 0.6455570459365845 209
1721322230072 0.6446753144264221 212
1721322230045 0.6449698209762573 211
1721322230104 0.6443801522254944 213
1721322230259 0.643193244934082 217
1721322230234 0.6434909105300903 216
1721322230209 0.6437879800796509 215
1721322230173 0.6440843939781189 214
1721322230285 0.6428949236869812 218
1721322230312 0.6425959467887878 219
1721322230338 0.6422963738441467 220
1721322230366 0.6419961452484131 221
1721322230392 0.6416952610015869 222
1721322230525 0.6401810646057129 227
1721322230421 0.6413937211036682 223
1721322230445 0.6410915851593018 224
1721322230499 0.6404851675033569 226
1721322230474 0.6407886743545532 225
1721322230551 0.6398762464523315 228
1721322230579 0.6395707726478577 229
1721322230605 0.6392646431922913 230
1721322230631 0.6389578580856323 231
1721322230660 0.6386503577232361 232
1721322230688 0.6383422613143921 233
1721322230741 0.6377240419387817 235
1721322230768 0.6374138593673706 236
1721322230713 0.6380334496498108 234
1721322230794 0.6371030807495117 237
1721322230848 0.6364794373512268 239
1721322230822 0.6367915868759155 238
1721322230874 0.6361666321754456 240
1721322230902 0.635853111743927 241
1721322230930 0.6355389356613159 242
1721322230955 0.6352241039276123 243
1721322230981 0.6349084973335266 244
1721322231008 0.6345922946929932 245
1721322231035 0.6342754364013672 246
1721322231160 0.6333206295967102 249
1721322231093 0.6339578628540039 247
1721322231187 0.6330009698867798 250
1721322231123 0.6336395740509033 248
1721322231266 0.6320379972457886 253
1721322231212 0.6326806545257568 251
1721322231291 0.6317155361175537 254
1721322231238 0.6323596239089966 252
1721322231316 0.6313924789428711 255
1721322231342 0.6310687065124512 256
1721322231368 0.6307443380355835 257
1721322231399 0.630419135093689 258
1721322231455 0.6297668218612671 260
1721322231430 0.6300933361053467 259
1721322231481 0.6294395923614502 261
1721322231508 0.6291117072105408 262
1721322231535 0.628783106803894 263
1721322231564 0.6284538507461548 264
1721322231589 0.6281238794326782 265
1721322231618 0.6277932524681091 266
1721322231698 0.626797080039978 269
1721322231645 0.627461850643158 267
1721322231672 0.6271297931671143 268
1721322231723 0.6264636516571045 270
1721322231751 0.6261295080184937 271
1721322231781 0.6257947683334351 272
1721322231837 0.6251230239868164 274
1721322231807 0.6254591941833496 273
1721322231863 0.6247861385345459 275
1721322231923 0.624110221862793 277
1721322231948 0.6237712502479553 278
1721322232032 0.6230912804603577 280
1721322231894 0.6244485974311829 276
1721322232002 0.6234316825866699 279
1721322232058 0.6227502226829529 281
1721322232084 0.6224085092544556 282
1721322232113 0.6220660209655762 283
1721322232140 0.621722936630249 284
1721322232167 0.6213791370391846 285
1721322232196 0.621034562587738 286
1721322232254 0.6203435063362122 288
1721322232223 0.6206893920898438 287
1721322232340 0.6193016171455383 291
1721322232281 0.6199969053268433 289
1721322232368 0.6189529895782471 292
1721322232311 0.6196495890617371 290
1721322232398 0.6186036467552185 293
1721322232426 0.6182535886764526 294
1721322232455 0.6179028749465942 295
1721322232483 0.6175514459609985 296
1721322232508 0.6171993017196655 297
1721322232563 0.6164929866790771 299
1721322232534 0.61684650182724 298
1721322232591 0.6161388158798218 300
1721322232650 0.6154284477233887 302
1721322232723 0.6150721311569214 303
1721322232623 0.6157839298248291 301
1721322232784 0.614357590675354 305
1721322232754 0.6147152185440063 304
1721322232838 0.613640308380127 307
1721322232813 0.6139992475509644 306
1721322232891 0.6129202842712402 309
1721322232863 0.6132806539535522 308
1721322232943 0.6121975183486938 311
1721322232969 0.6118350625038147 312
1721322232918 0.6125591993331909 310
1721322233024 0.6111081838607788 314
1721322232996 0.611471951007843 313
1721322233053 0.6107437014579773 315
1721322233079 0.6103785037994385 316
1721322233134 0.609646201133728 318
1721322233107 0.6100127100944519 317
1721322233190 0.6089110970497131 320
1721322233164 0.6092789769172668 319
1721322233244 0.6081733107566833 322
1721322233219 0.6085425615310669 321
1721322233305 0.6074328422546387 324
1721322233277 0.6078034043312073 323
1721322233389 0.6063169240951538 327
1721322233360 0.6066895723342896 326
1721322233482 0.6055697202682495 329
1721322233416 0.6059436202049255 328
1721322233509 0.6051950454711914 330
1721322233562 0.6044436693191528 332
1721322233537 0.6048197746276855 331
1721322233620 0.6036896705627441 334
1721322233590 0.6040670275688171 333
1721322233675 0.6029329895973206 336
1721322233649 0.6033116579055786 335
1721322233701 0.60255366563797 337
1721322233755 0.6017928719520569 339
1721322233789 0.6014115214347839 340
1721322233728 0.6021735668182373 338
1721322233818 0.6010295152664185 341
1721322233847 0.6006467938423157 342
1721322233956 0.5991092920303345 346
1721322233873 0.6002634167671204 343
1721322233982 0.5987233519554138 347
1721322233930 0.5994946956634521 345
1721322233900 0.5998794436454773 344
1721322234070 0.5976412296295166 350
1721322234013 0.5984049439430237 348
1721322234041 0.5980643033981323 349
1721322234098 0.5972484946250916 351
1721322234254 0.5958026051521301 355
1721322234191 0.5965328216552734 353
1721322234158 0.5968925952911377 352
1721322234309 0.5950596928596497 357
1721322234284 0.5954326391220093 356
1721322234222 0.5961694717407227 354
1721322234337 0.5946838855743408 358
1721322234366 0.5943055152893066 359
1721322234396 0.5939247012138367 360
1721322234422 0.5935415625572205 361
1721322234451 0.5931562781333923 362
1721322234480 0.5927690267562866 363
1721322234506 0.5923799276351929 364
1721322234561 0.591617226600647 366
1721322234535 0.5919890999794006 365
1721322234615 0.5908569693565369 368
1721322234588 0.5912640690803528 367
1721322234672 0.590123176574707 370
1721322234644 0.5904920101165771 369
1721322234700 0.5897506475448608 371
1721322234726 0.5893746614456177 372
1721322234782 0.5889953374862671 373
1721322234814 0.588612973690033 374
1721322234866 0.5878397822380066 376
1721322234839 0.5882277488708496 375
1721322234917 0.5870565176010132 378
1721322234969 0.5863217115402222 380
1721322234890 0.5874493718147278 377
1721322234942 0.5867223143577576 379
1721322234996 0.5859134197235107 381
1721322235022 0.5855411291122437 382
1721322235051 0.5851643085479736 383
1721322235076 0.5847834348678589 384
1721322235106 0.584398627281189 385
1721322235137 0.584010124206543 386
1721322235252 0.5824254751205444 390
1721322235164 0.5836184620857239 387
1721322235193 0.5832235813140869 388
1721322235225 0.5828258395195007 389
1721322235279 0.5820339918136597 391
1721322235307 0.581635057926178 392
1721322235333 0.5812436938285828 393
1721322235394 0.5808576941490173 394
1721322235508 0.5793139338493347 398
1721322235454 0.5800812840461731 396
1721322235428 0.5804880857467651 395
1721322235482 0.5796998739242554 397
1721322235536 0.5789237022399902 399
1721322235562 0.5785295367240906 400
1721322235591 0.5781316757202148 401
1721322235622 0.577759861946106 402
1721322235652 0.5773446559906006 403
1721322235682 0.5769541263580322 404
1721322235708 0.5765592455863953 405
1721322235734 0.5761603713035583 406
1721322235821 0.5749785900115967 409
1721322235765 0.5757790207862854 407
1721322235851 0.5745818614959717 410
1721322235884 0.5741809010505676 411
1721322235909 0.5737760066986084 412
1721322235936 0.5734058618545532 413
1721322235963 0.5729830265045166 414
1721322236065 0.5721981525421143 416
1721322236038 0.572593092918396 415
1721322236093 0.5717984437942505 417
1721322236120 0.5713943839073181 418
1721322236146 0.5710136890411377 419
1721322236171 0.5705945491790771 420
1721322236200 0.570197343826294 421

1721322236255 0.569388747215271 423
1721322236280 0.569006621837616 424
1721322236306 0.568583607673645 425
1721322236334 0.5681837201118469 426
1721322236391 0.5673953294754028 428
1721322236361 0.5677788257598877 427
1721322236493 0.5666002631187439 430
1721322236422 0.5669637322425842 429
1721322236520 0.5661638975143433 431
1721322236581 0.5657812356948853 432
1721322236613 0.5653952360153198 433
1721322236642 0.56500244140625 434
1721322236706 0.5641984939575195 436
1721322236670 0.5646033883094788 435
1721322236734 0.5637884140014648 437
1721322236759 0.5633734464645386 438
1721322236784 0.5629539489746094 439
1721322236817 0.5625304579734802 440
1721322236843 0.562103271484375 441
1721322236895 0.5612798929214478 443
1721322236869 0.5617296695709229 442
1721322236925 0.5608810782432556 444
1721322236951 0.5604859590530396 445
1721322236978 0.5600842237472534 446
1721322237031 0.5592626333236694 448
1721322237004 0.5596762895584106 447
1721322237058 0.5588438510894775 449
1721322237088 0.5584203004837036 450
1721322237119 0.5579924583435059 451
1721322237147 0.5576372742652893 452
1721322237174 0.5572115182876587 453
1721322237235 0.5567910075187683 454
1721322237267 0.5563552975654602 455
1721322237293 0.5559529066085815 456
1721322237346 0.5551283955574036 458
1721322237320 0.5555436611175537 457
1721322237384 0.554707407951355 459
1721322237444 0.5538672804832458 461
1721322237499 0.5530195832252502 463
1721322237412 0.5542813539505005 460
1721322237524 0.5526086091995239 464
1721322237581 0.5517842173576355 466
1721322237550 0.5522072911262512 465
1721322237606 0.5513725280761719 467
1721322237632 0.550954282283783 468
1721322237657 0.5505301356315613 469
1721322237746 0.5497368574142456 471
1721322237773 0.5492974519729614 472
1721322237684 0.5501006245613098 470
1721322237806 0.5488512516021729 473
1721322237834 0.5484440922737122 474
1721322237862 0.5480295419692993 475
1721322237889 0.5476258993148804 476
1721322237917 0.5471895933151245 477
1721322237945 0.546764612197876 478
1721322237973 0.5463337302207947 479
1721322238001 0.5458974838256836 480
1721322238088 0.5446301698684692 483
1721322238060 0.5450873970985413 482
1721322238034 0.545518159866333 481
1721322238115 0.5442174673080444 484
1721322238141 0.5437973737716675 485
1721322238221 0.5425158739089966 488
1721322238315 0.541703462600708 490
1721322238167 0.543388843536377 486
1721322238193 0.5429463386535645 487
1721322238280 0.542079508304596 489
1721322238370 0.540810227394104 492
1721322238345 0.5412654280662537 491
1721322238400 0.5403964519500732 493
1721322238427 0.5399748086929321 494
1721322238453 0.539546012878418 495
1721322238571 0.5378382205963135 499
1721322238480 0.539140522480011 496
1721322238509 0.5386786460876465 497
1721322238540 0.5382404923439026 498
1721322238657 0.5365492105484009 502
1721322238628 0.5369651317596436 501
1721322238691 0.5361251831054688 503
1721322238601 0.5373983383178711 500
1721322238718 0.5356936454772949 504
1721322238743 0.5352848172187805 505
1721322238850 0.5345585942268372 507
1721322238935 0.5332141518592834 510
1721322238818 0.5348203778266907 506
1721322238879 0.5339903831481934 508
1721322238907 0.5336266160011292 509
1721322239016 0.5319544076919556 513
1721322238989 0.532362699508667 512
1721322238960 0.5327606201171875 511
1721322239044 0.531536877155304 514
1721322239073 0.5311107635498047 515
1721322239164 0.529850959777832 518

1721322239218 0.5289950966835022 520
1721322239130 0.5302822589874268 517
1721322239190 0.5294098258018494 519
1721322239275 0.5281392931938171 522
1721322239301 0.5276997685432434 523
1721322239245 0.528571367263794 521
1721322239364 0.5272694826126099 524
1721322239396 0.5268111824989319 525
1721322239422 0.5263850688934326 526
1721322239448 0.525952160358429 527
1721322239473 0.5255258679389954 528
1721322239526 0.5246943235397339 530
1721322239500 0.5250901579856873 529
1721322239606 0.5233908295631409 533
1721322239579 0.5238129496574402 532
1721322239552 0.5242754220962524 531
1721322239632 0.5229734182357788 534
1721322239685 0.5221496224403381 536
1721322239657 0.5225709676742554 535
1721322239790 0.5204707384109497 540
1721322239736 0.521308422088623 538
1721322239709 0.5217311978340149 537
1721322239764 0.5208945274353027 539
1721322239850 0.5196231007575989 542
1721322239816 0.5200406312942505 541
1721322239914 0.5191984176635742 543
1721322239943 0.5187646150588989 544
1721322239972 0.5183225870132446 545
1721322239999 0.5179049372673035 546
1721322240029 0.5174544453620911 547
1721322240137 0.5157890319824219 551
1721322240111 0.5162010788917542 550
1721322240165 0.5154272317886353 552
1721322240057 0.5170598030090332 548
1721322240084 0.5166168808937073 549
1721322240193 0.5149419903755188 553
1721322240228 0.5145081281661987 554
1721322240254 0.5141258239746094 555
1721322240282 0.5136817693710327 556
1721322240308 0.5132355690002441 557
1721322240359 0.512414276599884 559
1721322240389 0.5119741559028625 560
1721322240501 0.5111506581306458 562
1721322240528 0.5106577277183533 563
1721322240334 0.5128456354141235 558
1721322240475 0.5115412473678589 561
1721322240554 0.5102859735488892 564
1721322240580 0.5098539590835571 565
1721322240609 0.5093980431556702 566
1721322240668 0.5085293054580688 568
1721322240720 0.507668137550354 570
1721322240692 0.508160412311554 569
1721322240775 0.5068175196647644 572
1721322240748 0.5072606801986694 571
1721322240803 0.5064079165458679 573
1721322240874 0.5059974193572998 574
1721322240904 0.5055752992630005 575
1721322240932 0.5051596164703369 576
1721322240959 0.5047613978385925 577
1721322240987 0.5043385624885559 578
1721322241013 0.5038675665855408 579
1721322241073 0.5030316114425659 581
1721322241103 0.5025781393051147 582
1721322241128 0.502169132232666 583
1721322241155 0.5017480850219727 584
1721322241182 0.5013163089752197 585
1721322241208 0.5008746981620789 586
1721322241236 0.5004340410232544 587
1721322241310 0.5000403523445129 588
1721322241341 0.4996018409729004 589
1721322241368 0.49912726879119873 590
1721322241395 0.49875932931900024 591
1721322241446 0.4979129433631897 593
1721322241421 0.49833032488822937 592
1721322241475 0.49744898080825806 594
1721322241505 0.4970722794532776 595
1721322241539 0.49659982323646545 596
1721322241566 0.4961620569229126 597
1721322241715 0.4945051670074463 601
1721322241596 0.4957645535469055 598
1721322241622 0.4953359365463257 599
1721322241771 0.49367886781692505 603
1721322241651 0.4949267506599426 600
1721322241745 0.49407246708869934 602
1721322241798 0.4932272434234619 604
1721322241828 0.49279868602752686 605
1721322241961 0.49061518907546997 610
1721322241854 0.49237900972366333 606
1721322241881 0.4919477701187134 607
1721322241908 0.49150609970092773 608
1721322242014 0.48989129066467285 612
1721322241934 0.4910815358161926 609
1721322242088 0.48936909437179565 613
1721322242118 0.48895975947380066 614
1721322242144 0.48857343196868896 615
1721322242170 0.48814064264297485 616
1721322242197 0.48766642808914185 617
1721322242276 0.4864180386066437 620
1721322242251 0.48683464527130127 619
1721322242224 0.4872526526451111 618
1721322242333 0.485590398311615 622
1721322242304 0.4859893321990967 621
1721322242360 0.48516523838043213 623
1721322242389 0.4847336411476135 624
1721322242417 0.48432427644729614 625
1721322242516 0.48346763849258423 627
1721322242483 0.48390188813209534 626
1721322242616 0.4821048080921173 630
1721322242653 0.48165053129196167 631
1721322242544 0.48302266001701355 628
1721322242581 0.48256802558898926 629
1721322242682 0.4812062382698059 632
1721322242741 0.4804527163505554 634
1721322242712 0.4808030426502228 633
1721322242774 0.4800337553024292 635
1721322242835 0.47910135984420776 637
1721322242803 0.4795522093772888 636
1721322242995 0.47741299867630005 641
1721322242965 0.4778147041797638 640
1721322242902 0.47867268323898315 638
1721322242935 0.478232204914093 639
1721322243023 0.4769970774650574 642
1721322243054 0.476568341255188 643
1721322243083 0.47612807154655457 644
1721322243112 0.4756773114204407 645
1721322243142 0.47528350353240967 646
1721322243177 0.4748496413230896 647
1721322243346 0.4730997383594513 651
1721322243209 0.4744090437889099 648
1721322243243 0.4740087389945984 649
1721322243280 0.473564088344574 650
1721322243380 0.4727058410644531 652
1721322243414 0.4722910225391388 653
1721322243445 0.47185543179512024 654
1721322243647 0.4697398543357849 659
1721322243503 0.47101229429244995 656
1721322243613 0.47017520666122437 658
1721322243713 0.46892085671424866 661
1721322243474 0.47143304347991943 655
1721322243583 0.4705982208251953 657
1721322243677 0.46929335594177246 660
1721322243870 0.46759966015815735 664
1721322243798 0.46854111552238464 662
1721322243838 0.4679967761039734 663
1721322243935 0.4667932391166687 666
1721322243904 0.46719151735305786 665
1721322243965 0.4663735628128052 667
1721322244027 0.46550846099853516 669
1721322243995 0.46594125032424927 668
1721322244092 0.4646219313144684 671
1721322244058 0.4650651514530182 670
1721322244125 0.4641655683517456 672
1721322244155 0.4637804329395294 673
1721322244230 0.46338051557540894 674
1721322244445 0.4612562358379364 679
1721322244297 0.46247029304504395 676
1721322244329 0.4620625078678131 677
1721322244367 0.46164417266845703 678
1721322244265 0.46291661262512207 675
1721322244552 0.45990046858787537 682
1721322244480 0.46082693338394165 680
1721322244512 0.46035850048065186 681
1721322244586 0.4594838619232178 683
1721322244620 0.45907893776893616 684
1721322244744 0.4578022360801697 687
1721322244714 0.45822131633758545 686
1721322244834 0.45651406049728394 690
1721322244859 0.456092894077301 691
1721322244684 0.4586336016654968 685
1721322244801 0.45696547627449036 689
1721322244773 0.457369863986969 688
1721322244888 0.4556707739830017 692
1721322244922 0.45527786016464233 693
1721322244951 0.4548433721065521 694
1721322245032 0.4535430371761322 697
1721322245158 0.45226913690567017 700
1721322245099 0.4531095027923584 698
1721322245005 0.45398592948913574 696
1721322245187 0.4518536329269409 701
1721322245213 0.45142436027526855 702
1721322244978 0.454423725605011 695
1721322245133 0.4526693522930145 699
1721322245241 0.4509827196598053 703
1721322245267 0.4505959749221802 704
1721322245296 0.4501570463180542 705
1721322245472 0.44804471731185913 710
1721322245323 0.4496910572052002 706
1721322245350 0.4493371844291687 707
1721322245441 0.4484739601612091 709
1721322245497 0.447650671005249 711
1721322245523 0.4472035765647888 712
1721322245375 0.4489031434059143 708
1721322245549 0.44678977131843567 713
1721322245576 0.4463452994823456 714
1721322245684 0.44472742080688477 718
1721322245630 0.44552886486053467 716
1721322245604 0.44593939185142517 715
1721322245656 0.4451112151145935 717
1721322245710 0.44430267810821533 719
1721322245794 0.44342756271362305 721
1721322245736 0.4438423812389374 720
1721322245863 0.44255736470222473 723
1721322245836 0.4429987967014313 722
1721322245890 0.4421195387840271 724
1721322246007 0.44046515226364136 728
1721322245916 0.44171711802482605 725
1721322245977 0.44084426760673523 727
1721322245947 0.44130468368530273 726
1721322246035 0.44005483388900757 729
1721322246061 0.4396057724952698 730
1721322246087 0.43913254141807556 731
1721322246154 0.43878987431526184 732
1721322246189 0.43833959102630615 733
1721322246281 0.43712860345840454 736
1721322246309 0.4366903007030487 737
1721322246215 0.4378957450389862 734
1721322246247 0.4375276267528534 735
1721322246368 0.43581700325012207 739
1721322246424 0.43501216173171997 741
1721322246342 0.43625563383102417 738
1721322246398 0.43542179465293884 740
1721322246452 0.4346344470977783 742
1721322246480 0.4341701865196228 743
1721322246562 0.4329260289669037 746
1721322246535 0.4333372712135315 745
1721322246616 0.4320414364337921 748
1721322246587 0.4324897229671478 747
1721322246507 0.4337391257286072 744
1721322246643 0.43163126707077026 749
1721322246703 0.4307980537414551 751
1721322246671 0.4312514662742615 750
1721322246729 0.43039047718048096 752
1721322246794 0.4299669861793518 753
1721322246825 0.4295732378959656 754
1721322246940 0.42796164751052856 758
1721322246915 0.428383469581604 757
1721322246856 0.42916151881217957 755
1721322246884 0.42879679799079895 756
1721322246965 0.4275882840156555 759
1721322246996 0.42720672488212585 760
1721322247024 0.42678049206733704 761
1721322247055 0.42631667852401733 762
1721322247082 0.42592212557792664 763
1721322247108 0.4255659878253937 764
1721322247137 0.42513221502304077 765
1721322247165 0.4247284531593323 766
1721322247218 0.4239576458930969 768
1721322247191 0.4243321418762207 767
1721322247244 0.4235800802707672 769
1721322247335 0.4227835536003113 771
1721322247307 0.4231969714164734 770
1721322247361 0.4223668873310089 772
1721322247471 0.4207640290260315 776
1721322247389 0.42198020219802856 773
1721322247415 0.4215727746486664 774
1721322247442 0.4211452901363373 775
1721322247505 0.4203443229198456 777
1721322247534 0.4199308156967163 778
1721322247561 0.4195791482925415 779
1721322247616 0.41879236698150635 781
1721322247590 0.41922619938850403 780
1721322247669 0.4180641174316406 783
1721322247643 0.41844165325164795 782
1721322247801 0.4160672128200531 788
1721322247695 0.4176298975944519 784
1721322247748 0.4168112874031067 786
1721322247774 0.41643670201301575 787
1721322247722 0.4172306954860687 785
1721322247829 0.4156847298145294 789
1721322247891 0.4148692488670349 791
1721322247863 0.41528481245040894 790
1721322248034 0.41328930854797363 795
1721322247947 0.41403812170028687 793
1721322248091 0.4124871492385864 797
1721322247919 0.41444575786590576 792
1721322248007 0.4136804938316345 794
1721322248064 0.4128774404525757 796
1721322248117 0.4121745526790619 798
1721322248145 0.41175222396850586 799
1721322248172 0.41130971908569336 800
1721322248226 0.4105772078037262 802
1721322248313 0.4093645215034485 805
1721322248200 0.41093024611473083 801
1721322248396 0.40821948647499084 808
1721322248342 0.408978670835495 806
1721322248252 0.4102034866809845 803
1721322248283 0.40978550910949707 804
1721322248369 0.4085935652256012 807
1721322248422 0.4078178405761719 809
1721322248451 0.4074319005012512 810
1721322248504 0.4066427946090698 812
1721322248477 0.4070470929145813 811
1721322248618 0.4051169455051422 816
1721322248532 0.406281054019928 813
1721322248588 0.40548476576805115 815
1721322248561 0.4059123694896698 814
1721322248718 0.40429484844207764 818
1721322248644 0.40471646189689636 817
1721322248746 0.4039413034915924 819
1721322248773 0.4035435914993286 820
1721322248798 0.40310922265052795 821
1721322248912 0.4015968441963196 825
1721322248856 0.4023401737213135 823
1721322248939 0.4012013077735901 826
1721322248829 0.4027283489704132 822
1721322248886 0.4019164443016052 824
1721322248967 0.4007517099380493 827
1721322248993 0.4003946781158447 828
1721322249021 0.4000377953052521 829
1721322249082 0.399238258600235 831
1721322249049 0.39964592456817627 830
1721322249107 0.3988257944583893 832
1721322249163 0.39807066321372986 834
1721322249135 0.39848005771636963 833
1721322249253 0.3973146080970764 836
1721322249311 0.39654651284217834 838
1721322249284 0.39692890644073486 837
1721322249188 0.3976939618587494 835
1721322249368 0.395743727684021 840

1721322249340 0.39613819122314453 839
1721322249454 0.3946165442466736 843
1721322249421 0.3950009047985077 842
1721322249507 0.3938756287097931 845
1721322249587 0.3926664888858795 848
1721322249535 0.39348724484443665 846
1721322249480 0.39423081278800964 844
1721322249562 0.3930579721927643 847
1721322249668 0.3915286362171173 851
1721322249616 0.39228227734565735 849
1721322249641 0.39192917943000793 850
1721322249837 0.38922378420829773 857
1721322249695 0.3911488950252533 852
1721322249721 0.39076942205429077 853
1721322249805 0.3896036446094513 856
1721322249747 0.3903846740722656 854
1721322249773 0.3899962604045868 855
1721322249901 0.38883262872695923 858
1721322249986 0.38775667548179626 861
1721322249957 0.3880935311317444 860
1721322249926 0.38848811388015747 859
1721322250015 0.38737162947654724 862
1721322250040 0.38698112964630127 863
1721322250068 0.38659951090812683 864
1721322250121 0.38581761717796326 866
1721322250095 0.3862283229827881 865
1721322250183 0.38510164618492126 868
1721322250155 0.3854728937149048 867
1721322250208 0.38475003838539124 869
1721322250235 0.38435032963752747 870
1721322250266 0.38394057750701904 871
1721322250303 0.383615106344223 872
1721322250331 0.3832106292247772 873
1721322250418 0.38247188925743103 875
1721322250387 0.38283640146255493 874
1721322250474 0.38171905279159546 877
1721322250506 0.3813522458076477 878
1721322250447 0.3821011781692505 876
1721322250536 0.38096803426742554 879
1721322250561 0.38054949045181274 880
1721322250641 0.3794318437576294 883
1721322250587 0.38018563389778137 881
1721322250614 0.37979045510292053 882
1721322250669 0.37910088896751404 884
1721322250721 0.37840357422828674 886
1721322250750 0.3779948055744171 887
1721322250695 0.3787376880645752 885
1721322250777 0.37751591205596924 888
1721322250837 0.37693101167678833 890
1721322250801 0.3772638440132141 889
1721322250866 0.37647831439971924 891
1721322250924 0.3757550120353699 893
1721322251020 0.37501323223114014 895
1721322250955 0.37539738416671753 894
1721322251053 0.37459850311279297 896
1721322251079 0.37421470880508423 897
1721322250895 0.3760705590248108 892
1721322251105 0.373870313167572 898
1721322251132 0.37348538637161255 899
1721322251192 0.37272804975509644 901
1721322251159 0.3731071352958679 900
1721322251247 0.37195658683776855 903
1721322251273 0.37157681584358215 904
1721322251221 0.3723345398902893 902
1721322251301 0.37122708559036255 905
1721322251331 0.37086284160614014 906
1721322251357 0.37048500776290894 907
1721322251415 0.3697543144226074 909
1721322251443 0.3693734109401703 910
1721322251502 0.3686251938343048 912
1721322251473 0.36900877952575684 911
1721322251594 0.3675343990325928 915
1721322251566 0.36794912815093994 914
1721322251649 0.3667917847633362 917
1721322251718 0.36639946699142456 918
1721322251530 0.3682880997657776 913
1721322251621 0.3671720623970032 916
1721322251745 0.36603546142578125 919
1721322251797 0.36533287167549133 921
1721322251831 0.36496490240097046 922
1721322251861 0.3645933270454407 923
1721322251893 0.364206463098526 924
1721322251922 0.3638443052768707 925
1721322251977 0.3631145656108856 927
1721322251950 0.36347901821136475 926
1721322252003 0.36274710297584534 928
1721322252084 0.3616556227207184 931
1721322252030 0.36240431666374207 929
1721322252055 0.3620232939720154 930
1721322252165 0.3605935871601105 934
1721322252137 0.36093148589134216 933
1721322252194 0.36021608114242554 935
1721322252110 0.36129552125930786 932
1721322252317 0.3591625690460205 938
1721322252250 0.3595241606235504 937
1721322252224 0.3598804473876953 936
1721322252375 0.3584165573120117 940
1721322252349 0.3587871491909027 939
1721322252404 0.35805433988571167 941
1721322252431 0.35772255063056946 942
1721322252461 0.35735294222831726 943
1721322252598 0.35589566826820374 947
1721322252571 0.35623884201049805 946
1721322252502 0.35695624351501465 944
1721322252544 0.3565993309020996 945
1721322252623 0.35552990436553955 948
1721322252676 0.3547784090042114 950
1721322252704 0.35442453622817993 951
1721322252650 0.3551541268825531 949
1721322252733 0.3540962338447571 952
1721322252759 0.35374051332473755 953
1721322252811 0.35301947593688965 955
1721322252785 0.3533776104450226 954
1721322252875 0.35226619243621826 957
1721322252937 0.3519614636898041 958
1721322252845 0.3526511788368225 956
1721322252971 0.3516010642051697 959
1721322253026 0.35085999965667725 961
1721322253000 0.3512113690376282 960
1721322253055 0.35048070549964905 962
1721322253087 0.3501656651496887 963
1721322253115 0.3497845232486725 964
1721322253143 0.349435031414032 965
1721322253168 0.3490861654281616 966
1721322253201 0.3487154245376587 967
1721322253254 0.34800514578819275 969
1721322253228 0.3483576476573944 968
1721322253311 0.3472992479801178 971
1721322253341 0.3469461500644684 972
1721322253284 0.347647100687027 970
1721322253368 0.34664782881736755 973
1721322253395 0.34628769755363464 974
1721322253451 0.3455812931060791 976
1721322253420 0.3458865284919739 975
1721322253583 0.3445170223712921 979
1721322253478 0.3452436029911041 977
1721322253549 0.3448706269264221 978
1721322253647 0.3438257575035095 981

1721322253681 0.3434341847896576 982
1721322253732 0.3427293002605438 984
1721322253790 0.3420141339302063 986
1721322253706 0.3430984616279602 983
1721322253762 0.3423636555671692 985
1721322253817 0.34168291091918945 987
1721322253844 0.34131014347076416 988
1721322253872 0.3409619927406311 989
1721322253903 0.34062886238098145 990
1721322253930 0.34027495980262756 991
1721322254104 0.33854860067367554 996
1721322254191 0.33753690123558044 999
1721322253984 0.33959877490997314 993
1721322253957 0.33991754055023193 992
1721322254038 0.3388810455799103 995
1721322254013 0.3392490744590759 994
1721322254135 0.33820778131484985 997
1721322254165 0.33788472414016724 998
