1721320824750 0.5 0
1721320824814 0.5 1
1721320824866 0.5 2
1721320824924 0.5 3
1721320825038 0.5 5
1721320825261 0.5 8
1721320825201 0.5 7
1721320825143 0.5 6
1721320825320 0.5 9
1721320824983 0.5 4
1721320825378 0.5 10
1721320825433 0.5 11
1721320825625 0.5 14
1721320825689 0.5 15
1721320825490 0.5 12
1721320825747 0.5 16
1721320825862 0.5 18
1721320825803 0.5 17
1721320825918 0.5 19
1721320825974 0.5 20
1721320826041 0.5 21
1721320826121 0.5 22
1721320826363 0.5 25
1721320826202 0.5 23
1721320826440 0.5 26
1721320826284 0.5 24
1721320826504 0.5 27
1721320826561 0.5 28
1721320826623 0.5 29
1721320826684 0.5 30
1721320826742 0.5 31
1721320826810 0.5 32
1721320826934 0.5 34
1721320826873 0.5 33
1721320827058 0.5 36
1721320827113 0.5 37
1721320827181 0.5 38
1721320827208 0.5 39
1721320827236 0.5 40
1721320827290 0.5 42
1721320827324 0.5 43
1721320827262 0.5 41
1721320827388 0.5 45
1721320827354 0.5 44
1721320827442 0.5 47
1721320827416 0.5 46
1721320827495 0.5 49
1721320827468 0.5 48
1721320827523 0.5 50
1721320827639 0.5 54
1721320827553 0.5 51
1721320827608 0.5 53
1721320827581 0.5 52
1721320827721 0.5 57
1721320827693 0.5 56
1721320827667 0.5 55
1721320827748 0.5 58
1721320827774 0.5 59
1721320827807 0.5 60
1721320827835 0.5 61
1721320827863 0.5 62
1721320827975 0.5 66
1721320827891 0.5 63
1721320827947 0.5 65
1721320827920 0.5 64
1721320828044 0.5 67
1721320828107 0.5 69
1721320828075 0.5 68
1721320828137 0.5 70
1721320828191 0.5 72
1721320828248 0.5 74
1721320828275 0.5 75
1721320828220 0.5 73
1721320828165 0.5 71
1721320828332 0.5 77
1721320828304 0.5 76
1721320828357 0.5 78
1721320828385 0.5 79
1721320828412 0.5 80
1721320828490 0.5 83
1721320828437 0.5 81
1721320828519 0.5 84
1721320828545 0.5 85
1721320828464 0.5 82
1721320828572 0.5 86
1721320828602 0.5 87
1721320828628 0.5 88
1721320828706 0.5 91
1721320828759 0.5 93
1721320828654 0.5 89
1721320828838 0.5 96
1721320828734 0.5 92
1721320828680 0.5 90
1721320828811 0.5 95
1721320828785 0.5 94
1721320828892 0.5 98
1721320828864 0.5 97
1721320828988 0.5 101
1721320829016 0.5 102
1721320829071 0.5 104
1721320828948 0.5 100
1721320828921 0.5 99
1721320829102 0.5 105
1721320829042 0.5 103
1721320829129 0.5 106
1721320829156 0.5 107
1721320829183 0.5 108
1721320829209 0.5 109
1721320829236 0.5 110
1721320829263 0.5 111
1721320829342 0.5 114
1721320829316 0.5 113
1721320829370 0.5 115
1721320829424 0.5 117
1721320829398 0.5 116
1721320829288 0.5 112
1721320829450 0.5 118
1721320829591 0.5 122
1721320829561 0.5 121
1721320829644 0.5 124
1721320829477 0.5 119
1721320829668 0.5 125
1721320829504 0.5 120
1721320829618 0.5 123
1721320829696 0.5 126
1721320829721 0.5 127
1721320829749 0.5 128
1721320829805 0.5 130
1721320829779 0.5 129
1721320829833 0.5 131
1721320829893 0.5 133
1721320829921 0.5 134
1721320829977 0.5 136
1721320829864 0.5 132
1721320829947 0.5 135
1721320830004 0.5 137
1721320830030 0.5 138
1721320830056 0.5 139
1721320830109 0.5 141
1721320830173 0.5 143
1721320830144 0.5 142
1721320830084 0.5 140
1721320830227 0.5 145
1721320830253 0.5 146
1721320830200 0.5 144
1721320830280 0.5 147
1721320830304 0.5 148
1721320830333 0.5 149
1721320830359 0.5 150
1721320830388 0.5 151
1721320830494 0.5 155
1721320830414 0.5 152
1721320830522 0.5 156
1721320830467 0.5 154
1721320830439 0.5 153
1721320830549 0.5 157
1721320830575 0.5 158
1721320830604 0.5 159
1721320830664 0.5 160
1721320830720 0.5 162
1721320830694 0.5 161
1721320830747 0.5 163
1721320830775 0.5 164
1721320830801 0.5 165
1721320830827 0.5 166
1721320830854 0.5 167
1721320830880 0.5 168
1721320830905 0.5 169
1721320830958 0.5 171
1721320830932 0.5 170
1721320830986 0.5 172
1721320831067 0.5 175
1721320831039 0.5 174
1721320831013 0.5 173
1721320831119 0.5 177
1721320831092 0.5 176
1721320831152 0.5 178
1721320831179 0.5 179
1721320831204 0.5 180
1721320831270 0.5 182
1721320831233 0.5 181
1721320831337 0.5 184
1721320831303 0.5 183
1721320831369 0.5 185
1721320831401 0.5 186
1721320831461 0.5 188
1721320831429 0.5 187
1721320831496 0.5 189
1721320831527 0.5 190
1721320831594 0.5 191
1721320831624 0.5 192
1721320831651 0.5 193
1721320831677 0.5 194
1721320831703 0.5 195
1721320831730 0.5 196
1721320831786 0.5 198
1721320831758 0.5 197
1721320831811 0.5 199
1721320831837 0.5 200
1721320831864 0.5 201
1721320831889 0.5 202
1721320831918 0.5 203
1721320831943 0.5 204
1721320831970 0.5 205
1721320832000 0.5 206
1721320832027 0.5 207
1721320832052 0.5 208
1721320832080 0.5 209
1721320832134 0.5 211
1721320832107 0.5 210
1721320832216 0.5 214
1721320832161 0.5 212
1721320832187 0.5 213
1721320832244 0.5 215
1721320832270 0.5 216
1721320832351 0.5 219
1721320832297 0.5 217
1721320832324 0.5 218
1721320832440 0.5 221
1721320832519 0.5 224
1721320832467 0.5 222
1721320832493 0.5 223
1721320832576 0.5 226
1721320832546 0.5 225
1721320832603 0.5 227
1721320832629 0.5 228
1721320832655 0.5 229
1721320832684 0.5 230
1721320832738 0.5 232
1721320832766 0.5 233
1721320832792 0.5 234
1721320832713 0.5 231
1721320832820 0.5 235
1721320832852 0.5 236
1721320832905 0.5 238
1721320832933 0.5 239
1721320832879 0.5 237
1721320832959 0.5 240
1721320832987 0.5 241
1721320833013 0.5 242
1721320833067 0.5 244
1721320833040 0.5 243
1721320833093 0.5 245
1721320833120 0.5 246
1721320833182 0.5 248
1721320833271 0.5 250
1721320833152 0.5 247
1721320833244 0.5 249
1721320833298 0.5 251
1721320833322 0.5 252
1721320833404 0.5 255
1721320833376 0.5 254
1721320833349 0.5 253
1721320833433 0.5 256
1721320833463 0.5 257
1721320833546 0.5 260
1721320833520 0.5 259
1721320833494 0.5 258
1721320833572 0.5 261
1721320833598 0.5 262
1721320833623 0.5 263
1721320833704 0.5 266
1721320833651 0.5 264
1721320833679 0.5 265
1721320833758 0.5 268
1721320833733 0.5 267
1721320833784 0.5 269
1721320833809 0.5 270
1721320833836 0.5 271
1721320833863 0.5 272
1721320833923 0.5 273
1721320834008 0.5 276
1721320833953 0.5 274
1721320834035 0.5 277
1721320833982 0.5 275
1721320834062 0.5 278
1721320834088 0.5 279
1721320834115 0.5 280
1721320834143 0.5 281
1721320834170 0.5 282
1721320834197 0.5 283
1721320834222 0.5 284
1721320834249 0.5 285
1721320834329 0.5 288
1721320834302 0.5 287
1721320834275 0.5 286
1721320834385 0.5 290
1721320834356 0.5 289
1721320834411 0.5 291
1721320834472 0.5 293
1721320834499 0.5 294
1721320834438 0.5 292
1721320834524 0.5 295
1721320834628 0.5 297
1721320834657 0.5 298
1721320834730 0.5 300
1721320834588 0.5 296
1721320834690 0.5 299
1721320834758 0.5 301
1721320834790 0.5 302
1721320834820 0.5 303
1721320834849 0.5 304
1721320834913 0.5 306
1721320834940 0.5 307
1721320834969 0.5 308
1721320834880 0.5 305
1721320834999 0.5 309
1721320835028 0.5 310
1721320835087 0.5 312
1721320835057 0.5 311
1721320835143 0.5 314
1721320835171 0.5 315
1721320835115 0.5 313
1721320835284 0.5 317
1721320835200 0.5 316
1721320835313 0.5 318
1721320835374 0.5 320
1721320835346 0.5 319
1721320835437 0.5 322
1721320835407 0.5 321
1721320835517 0.5 323
1721320835573 0.5 325
1721320835608 0.5 326
1721320835546 0.5 324
1721320835645 0.5 327
1721320835701 0.5 329
1721320835730 0.5 330
1721320835674 0.5 328
1721320835789 0.5 332
1721320835915 0.5 336
1721320835821 0.5 333
1721320835852 0.5 334
1721320835759 0.5 331
1721320835882 0.5 335
1721320835980 0.5 337
1721320836019 0.5 338
1721320836048 0.5 339
1721320836081 0.5 340
1721320836109 0.5 341
1721320836138 0.5 342
1721320836168 0.5 343
1721320836198 0.5 344
1721320836228 0.5 345
1721320836262 0.5 346
1721320836294 0.5 347
1721320836325 0.5 348
1721320836396 0.5 350
1721320836439 0.5 351
1721320836357 0.5 349
1721320836504 0.5 353
1721320836477 0.5 352
1721320836555 0.5 355
1721320836530 0.5 354
1721320836638 0.5 357
1721320836665 0.5 358
1721320836719 0.5 360
1721320836692 0.5 359
1721320836745 0.5 361
1721320836851 0.5 365
1721320836771 0.5 362
1721320836822 0.5 364
1721320836797 0.5 363
1721320836878 0.5 366
1721320836905 0.5 367
1721320836932 0.5 368
1721320836960 0.5 369
1721320837023 0.5 371
1721320836991 0.5 370
1721320837051 0.5 372
1721320837082 0.5 373
1721320837174 0.5 375
1721320837112 0.5 374
1721320837314 0.5 380
1721320837235 0.5 377
1721320837207 0.5 376
1721320837261 0.5 378
1721320837287 0.5 379
1721320837340 0.5 381
1721320837367 0.5 382
1721320837397 0.5 383
1721320837451 0.5 385
1721320837423 0.5 384
1721320837479 0.5 386
1721320837507 0.5 387
1721320837535 0.5 388
1721320837561 0.5 389
1721320837617 0.5 391
1721320837588 0.5 390
1721320837732 0.5 394
1721320837676 0.5 392
1721320837757 0.5 395
1721320837704 0.5 393
1721320837785 0.5 396
1721320837810 0.5 397
1721320837834 0.5 398
1721320837864 0.5 399
1721320837890 0.5 400
1721320837920 0.5 401
1721320837980 0.5 403
1721320837953 0.5 402
1721320838008 0.5 404
1721320838035 0.5 405
1721320838061 0.5 406
1721320838088 0.5 407
1721320838116 0.5 408
1721320838143 0.5 409
1721320838233 0.5 411
1721320838205 0.5 410
1721320838258 0.5 412
1721320838286 0.5 413
1721320838312 0.5 414
1721320838339 0.5 415
1721320838393 0.5 417
1721320838366 0.5 416
1721320838424 0.5 418
1721320838451 0.5 419
1721320838478 0.5 420
1721320838506 0.5 421
1721320838534 0.5 422
1721320838561 0.5 423
1721320838592 0.5 424
1721320838620 0.5 425
1721320838650 0.5 426
1721320838676 0.5 427
1721320838739 0.5 428
1721320838767 0.5 429
1721320838794 0.5 430
1721320838822 0.5 431
1721320838849 0.5 432
1721320838875 0.5 433
1721320838933 0.5 435
1721320838903 0.5 434
1721320838988 0.5 437
1721320839045 0.5 439
1721320839016 0.5 438
1721320839070 0.5 440
1721320839098 0.5 441
1721320839126 0.5 442
1721320839153 0.5 443
1721320839204 0.5 444
1721320839296 0.5 447
1721320839243 0.5 445
1721320839269 0.5 446
1721320839321 0.5 448
1721320839351 0.5 449
1721320839382 0.5 450
1721320839409 0.5 451
1721320839438 0.5 452
1721320839466 0.5 453
1721320839493 0.5 454
1721320839546 0.5 456
1721320839519 0.5 455
1721320839573 0.5 457
1721320839601 0.5 458
1721320839686 0.5 460
1721320839717 0.5 461
1721320839626 0.5 459
1721320839743 0.5 462
1721320839768 0.5 463
1721320839799 0.5 464
1721320839834 0.5 465
1721320839861 0.5 466
1721320839894 0.5 467
1721320839921 0.5 468
1721320839948 0.5 469
1721320840002 0.5 471
1721320840031 0.5 472
1721320840086 0.5 474
1721320840059 0.5 473
1721320840140 0.5 476
1721320840113 0.5 475
1721320840168 0.5 477
1721320840196 0.5 478
1721320840222 0.5 479
1721320840250 0.5 480
1721320840310 0.5 481
1721320840338 0.5 482
1721320840402 0.5 484
1721320840367 0.5 483
1721320840431 0.5 485
1721320840473 0.5 486
1721320840504 0.5 487
1721320840532 0.5 488
1721320840561 0.5 489
1721320840590 0.5 490
1721320840653 0.5 492
1721320840620 0.5 491
1721320840681 0.5 493
1721320840710 0.5 494
1721320840746 0.5 495
1721320840809 0.5 496
1721320840874 0.5 498
1721320840901 0.5 499
1721320840843 0.5 497
1721320840956 0.5 501
1721320840931 0.5 500
1721320841085 0.5 505
1721320840989 0.5 502
1721320841055 0.5 504
1721320841022 0.5 503
1721320841170 0.5 506
1721320841202 0.5 507
1721320841234 0.5 508
1721320841264 0.5 509
1721320841291 0.5 510
1721320841358 0.5 511
1721320841445 0.5 514
1721320841417 0.5 513
1721320841390 0.5 512
1721320841479 0.5 515
1721320841506 0.5 516
1721320841534 0.5 517
1721320841595 0.5 519
1721320841563 0.5 518
1721320841622 0.5 520
1721320841650 0.5 521
1721320841688 0.5 522
1721320841719 0.5 523
1721320841750 0.5 524
1721320841786 0.5 525
1721320841851 0.5 526
1721320841913 0.5 528
1721320841881 0.5 527
1721320841942 0.5 529
1721320841969 0.5 530
1721320841998 0.5 531
1721320842055 0.5 533
1721320842028 0.5 532
1721320842149 0.5 536
1721320842086 0.5 534
1721320842121 0.5 535
1721320842178 0.5 537
1721320842207 0.5 538
1721320842279 0.5 539
1721320842304 0.5 540
1721320842334 0.5 541
1721320842366 0.5 542
1721320842409 0.5 543
1721320842494 0.5 546
1721320842467 0.5 545
1721320842437 0.5 544
1721320842521 0.5 547
1721320842557 0.5 548
1721320842614 0.5 550
1721320842639 0.5 551
1721320842588 0.5 549
1721320842667 0.5 552
1721320842695 0.5 553
1721320842756 0.5 554
1721320842787 0.5 555
1721320842813 0.5 556
1721320842839 0.5 557
1721320842952 0.5 561
1721320842866 0.5 558
1721320842926 0.5 560
1721320842897 0.5 559
1721320842979 0.5 562
1721320843010 0.5 563
1721320843062 0.5 565
1721320843034 0.5 564
1721320843088 0.5 566
1721320843115 0.5 567
1721320843200 0.5 569
1721320843165 0.5 568
1721320843228 0.5 570
1721320843255 0.5 571
1721320843288 0.5 572
1721320843315 0.5 573
1721320843347 0.5 574
1721320843404 0.5 576
1721320843375 0.5 575
1721320843433 0.5 577
1721320843463 0.5 578
1721320843520 0.5 580
1721320843491 0.5 579
1721320843614 0.5 582
1721320843678 0.5 584
1721320843581 0.5 581
1721320843644 0.5 583
1721320843712 0.5 585
1721320843742 0.5 586
1721320843768 0.5 587
1721320843801 0.5 588
1721320843833 0.5 589
1721320843985 0.5 593
1721320843923 0.5 592
1721320844024 0.5 594
1721320843898 0.5 591
1721320843864 0.5 590
1721320844055 0.5 595
1721320844112 0.5 597
1721320844137 0.5 598
1721320844167 0.5 599
1721320844194 0.5 600
1721320844274 0.5 603
1721320844221 0.5 601
1721320844248 0.5 602
1721320844300 0.5 604
1721320844326 0.5 605
1721320844386 0.5 606
1721320844415 0.5 607
1721320844500 0.5 610
1721320844471 0.5 609
1721320844445 0.5 608
1721320844609 0.5 614
1721320844528 0.5 611
1721320844554 0.5 612
1721320844637 0.5 615
1721320844582 0.5 613
1721320844663 0.5 616
1721320844695 0.5 617
1721320844743 0.5 618
1721320844798 0.5 620
1721320844770 0.5 619
1721320844886 0.5 623
1721320844861 0.5 622
1721320844825 0.5 621
1721320844911 0.5 624
1721320844937 0.5 625
1721320844964 0.5 626
1721320845020 0.5 628
1721320844993 0.5 627
1721320845046 0.5 629
1721320845072 0.5 630
1721320845127 0.5 632
1721320845101 0.5 631
1721320845153 0.5 633
1721320845212 0.5 634
1721320845243 0.5 635
1721320845269 0.5 636
1721320845329 0.5 638
1721320845300 0.5 637
1721320845363 0.5 639
1721320845389 0.5 640
1721320845417 0.5 641
1721320845443 0.5 642
1721320845496 0.5 644
1721320845469 0.5 643
1721320845551 0.5 646
1721320845524 0.5 645
1721320845604 0.5 648
1721320845577 0.5 647
1721320845629 0.5 649
1721320845721 0.5 651
1721320845661 0.5 650
1721320845816 0.5 654
1721320845784 0.5 653
1721320845870 0.5 656
1721320845844 0.5 655
1721320845899 0.5 657
1721320845925 0.5 658
1721320845952 0.5 659
1721320846038 0.5 662
1721320845979 0.5 660
1721320846009 0.5 661
1721320846097 0.5 664
1721320846069 0.5 663
1721320846212 0.5 665
1721320846252 0.5 666
1721320846307 0.5 668
1721320846278 0.5 667
1721320846338 0.5 669
1721320846421 0.5 672
1721320846364 0.5 670
1721320846390 0.5 671
1721320846477 0.5 674
1721320846449 0.5 673
1721320846537 0.5 675
1721320846570 0.5 676
1721320846596 0.5 677
1721320846624 0.5 678
1721320846651 0.5 679
1721320846705 0.5 681
1721320846679 0.5 680
1721320846733 0.5 682
1721320846795 0.5 684
1721320846763 0.5 683
1721320846821 0.5 685
1721320846847 0.5 686
1721320846932 0.5 688
1721320846899 0.5 687
1721320846960 0.5 689
1721320846989 0.5 690
1721320847045 0.5 692
1721320847019 0.5 691
1721320847101 0.5 694
1721320847072 0.5 693
1721320847129 0.5 695
1721320847155 0.5 696
1721320847278 0.5 699
1721320847218 0.5 697
1721320847251 0.5 698
1721320847303 0.5 700
1721320847330 0.5 701
1721320847358 0.5 702
1721320847412 0.5 704
1721320847385 0.5 703
1721320847468 0.5 706
1721320847560 0.5 708
1721320847501 0.5 707
1721320847591 0.5 709
1721320847621 0.5 710
1721320847653 0.5 711
1721320847682 0.5 712
1721320847710 0.5 713
1721320847737 0.5 714
1721320847766 0.5 715
1721320847847 0.5 718
1721320847819 0.5 717
1721320847792 0.5 716
1721320847873 0.5 719
1721320847900 0.5 720
1721320847927 0.5 721
1721320847959 0.5 722
1721320848020 0.5 724
1721320848080 0.5 725
1721320848137 0.5 727
1721320848220 0.5 730
1721320848111 0.5 726
1721320848191 0.5 729
1721320848165 0.5 728
1721320848246 0.5 731
1721320848273 0.5 732
1721320848327 0.5 734
1721320848299 0.5 733
1721320848352 0.5 735
1721320848463 0.5 739
1721320848435 0.5 738
1721320848377 0.5 736
1721320848408 0.5 737
1721320848489 0.5 740
1721320848547 0.5 741
1721320848578 0.5 742
1721320848630 0.5 744
1721320848603 0.5 743
1721320848657 0.5 745
1721320848684 0.5 746
1721320848737 0.5 748
1721320848710 0.5 747
1721320848793 0.5 750
1721320848766 0.5 749
1721320848830 0.5 751
1721320848884 0.5 753
1721320848856 0.5 752
1721320848912 0.5 754
1721320848939 0.5 755
1721320849038 0.5 757
1721320849091 0.5 759
1721320849064 0.5 758
1721320849000 0.5 756
1721320849118 0.5 760
1721320849173 0.5 762
1721320849144 0.5 761
1721320849203 0.5 763
1721320849237 0.5 764
1721320849267 0.5 765
1721320849293 0.5 766
1721320849318 0.5 767
1721320849344 0.5 768
1721320849404 0.5 769
1721320849435 0.5 770
1721320849462 0.5 771
1721320849488 0.5 772
1721320849516 0.5 773
1721320849543 0.5 774
1721320849569 0.5 775
1721320849599 0.5 776
1721320849626 0.5 777
1721320849690 0.5 778
1721320849743 0.5 780
1721320849717 0.5 779
1721320849771 0.5 781
1721320849798 0.5 782
1721320849826 0.5 783
1721320849854 0.5 784
1721320849886 0.5 785
1721320849919 0.5 786
1721320849950 0.5 787
1721320850029 0.5 789
1721320849999 0.5 788
1721320850056 0.5 790
1721320850095 0.5 791
1721320850123 0.5 792
1721320850151 0.5 793
1721320850207 0.5 795
1721320850408 0.5 801
1721320850177 0.5 794
1721320850235 0.5 796
1721320850266 0.5 797
1721320850378 0.5 800
1721320850348 0.5 799
1721320850320 0.5 798
1721320850465 0.5 803
1721320850435 0.5 802
1721320850522 0.5 805
1721320850495 0.5 804
1721320850549 0.5 806
1721320850611 0.5 808
1721320850577 0.5 807
1721320850676 0.5 810
1721320850646 0.5 809
1721320850709 0.5 811
1721320850740 0.5 812
1721320850768 0.5 813
1721320850797 0.5 814
1721320850897 0.5 816
1721320850831 0.5 815
1721320850928 0.5 817
1721320850959 0.5 818
1721320850992 0.5 819
1721320851020 0.5 820
1721320851052 0.5 821
1721320851116 0.5 823
1721320851082 0.5 822
1721320851142 0.5 824
1721320851173 0.5 825
1721320851201 0.5 826
1721320851234 0.5 827
1721320851295 0.5 829
1721320851322 0.5 830
1721320851354 0.5 831
1721320851263 0.5 828
1721320851382 0.5 832
1721320851411 0.5 833
1721320851441 0.5 834
1721320851473 0.5 835
1721320851504 0.5 836
1721320851602 0.5 839
1721320851570 0.5 838
1721320851736 0.5 842
1721320851538 0.5 837
1721320851678 0.5 840
1721320851706 0.5 841
1721320851829 0.5 845
1721320851770 0.5 843
1721320851799 0.5 844
1721320851860 0.5 846
1721320851919 0.5 848
1721320852016 0.5 851
1721320851888 0.5 847
1721320851949 0.5 849
1721320851980 0.5 850
1721320852046 0.5 852
1721320852074 0.5 853
1721320852129 0.5 855
1721320852101 0.5 854
1721320852161 0.5 856
1721320852188 0.5 857
1721320852286 0.5 859
1721320852343 0.5 861
1721320852258 0.5 858
1721320852317 0.5 860
1721320852380 0.5 862
1721320852414 0.5 863
1721320852444 0.5 864
1721320852473 0.5 865
1721320852503 0.5 866
1721320852533 0.5 867
1721320852645 0.5 871
1721320852618 0.5 870
1721320852560 0.5 868
1721320852587 0.5 869
1721320852672 0.5 872
1721320852732 0.5 874
1721320852706 0.5 873
1721320852761 0.5 875
1721320852787 0.5 876
1721320852815 0.5 877
1721320852842 0.5 878
1721320852939 0.5 880
1721320852906 0.5 879
1721320853007 0.5 882
1721320852970 0.5 881
1721320853090 0.5 885
1721320853036 0.5 883
1721320853063 0.5 884
1721320853117 0.5 886
1721320853143 0.5 887
1721320853228 0.5 890
1721320853174 0.5 888
1721320853200 0.5 889
1721320853283 0.5 892
1721320853255 0.5 891
1721320853313 0.5 893
1721320853340 0.5 894
1721320853367 0.5 895
1721320853395 0.5 896
1721320853422 0.5 897
1721320853452 0.5 898
1721320853541 0.5 900
1721320853511 0.5 899
1721320853626 0.5 903
1721320853660 0.5 904
1721320853598 0.5 902
1721320853686 0.5 905
1721320853569 0.5 901
1721320853713 0.5 906
1721320853740 0.5 907
1721320853766 0.5 908
1721320853818 0.5 910
1721320853793 0.5 909
1721320853845 0.5 911
1721320853872 0.5 912
1721320853927 0.5 914
1721320853900 0.5 913
1721320853952 0.5 915
1721320853987 0.5 916
1721320854015 0.5 917
1721320854042 0.5 918
1721320854068 0.5 919
1721320854212 0.5 923
1721320854185 0.5 922
1721320854130 0.5 920
1721320854158 0.5 921
1721320854265 0.5 925
1721320854238 0.5 924
1721320854298 0.5 926
1721320854352 0.5 928
1721320854325 0.5 927
1721320854411 0.5 930
1721320854383 0.5 929
1721320854440 0.5 931
1721320854469 0.5 932
1721320854537 0.5 933
1721320854606 0.5 935
1721320854632 0.5 936
1721320854581 0.5 934
1721320854688 0.5 938
1721320854664 0.5 937
1721320854822 0.5 943
1721320854744 0.5 940
1721320854716 0.5 939
1721320854770 0.5 941
1721320854848 0.5 944
1721320854797 0.5 942
1721320854876 0.5 945
1721320854936 0.5 946
1721320854963 0.5 947
1721320854997 0.5 948
1721320855083 0.5 951
1721320855027 0.5 949
1721320855052 0.5 950
1721320855112 0.5 952
1721320855168 0.5 954
1721320855141 0.5 953
1721320855195 0.5 955
1721320855221 0.5 956
1721320855311 0.5 958
1721320855280 0.5 957
1721320855394 0.5 961
1721320855449 0.5 963
1721320855367 0.5 960
1721320855420 0.5 962
1721320855475 0.5 964
1721320855502 0.5 965
1721320855529 0.5 966
1721320855587 0.5 968
1721320855651 0.5 970
1721320855623 0.5 969
1721320855556 0.5 967
1721320855679 0.5 971
1721320855771 0.5 973
1721320855706 0.5 972
1721320855802 0.5 974
1721320855836 0.5 975
1721320855864 0.5 976
1721320855891 0.5 977
1721320855918 0.5 978
1721320855948 0.5 979
1721320856008 0.5 981
1721320855975 0.5 980
1721320856035 0.5 982
1721320856091 0.5 984
1721320856062 0.5 983
1721320856146 0.5 986
1721320856118 0.5 985
1721320856172 0.5 987
1721320856233 0.5 989
1721320856198 0.5 988
1721320856260 0.5 990
1721320856285 0.5 991
1721320856401 0.5 994
1721320856312 0.5 992
1721320856371 0.5 993
1721320856429 0.5 995
1721320856457 0.5 996
1721320856483 0.5 997
1721320856537 0.5 999
1721320856510 0.5 998
