1721320824750 0.6931471824645996 0
1721320824814 0.6931471824645996 1
1721320824924 0.6931471824645996 3
1721320824866 0.6931471824645996 2
1721320825038 0.6931471824645996 5
1721320825261 0.6931471824645996 8
1721320825143 0.6931471824645996 6
1721320825201 0.6931471824645996 7
1721320825320 0.6931471824645996 9
1721320824983 0.6931471824645996 4
1721320825378 0.6931471824645996 10
1721320825433 0.6931471824645996 11
1721320825747 0.6931471824645996 16
1721320825689 0.6931471824645996 15
1721320825563 0.6931471824645996 13
1721320825490 0.6931471824645996 12
1721320825862 0.6931471824645996 18
1721320825918 0.6931471824645996 19
1721320825803 0.6931471824645996 17
1721320825974 0.6931471824645996 20
1721320826041 0.6931471824645996 21
1721320826121 0.6931471824645996 22
1721320826202 0.6931471824645996 23
1721320826363 0.6931471824645996 25
1721320826440 0.6931471824645996 26
1721320826284 0.6931471824645996 24
1721320826504 0.6931471824645996 27
1721320826561 0.6931471824645996 28
1721320826623 0.6931471824645996 29
1721320826684 0.6931471824645996 30
1721320826742 0.6931471824645996 31
1721320826810 0.6931471824645996 32
1721320827058 0.6931471824645996 36
1721320826873 0.6931471824645996 33
1721320826934 0.6931471824645996 34
1721320827113 0.6931471824645996 37
1721320827208 0.6931471824645996 39
1721320827236 0.6931471824645996 40
1721320827290 0.6931471824645996 42
1721320827262 0.6931471824645996 41
1721320827354 0.6931471824645996 44
1721320827324 0.6931471824645996 43
1721320827388 0.6931471824645996 45
1721320827442 0.6931471824645996 47
1721320827416 0.6931471824645996 46
1721320827468 0.6931471824645996 48
1721320827495 0.6931471824645996 49
1721320827523 0.6931471824645996 50
1721320827553 0.6931471824645996 51
1721320827639 0.6931471824645996 54
1721320827608 0.6931471824645996 53
1721320827721 0.6931471824645996 57
1721320827581 0.6931471824645996 52
1721320827693 0.6931471824645996 56
1721320827667 0.6931471824645996 55
1721320827748 0.6931471824645996 58
1721320827807 0.6931471824645996 60
1721320827835 0.6931471824645996 61
1721320827863 0.6931471824645996 62
1721320827920 0.6931471824645996 64
1721320827975 0.6931471824645996 66
1721320827891 0.6931471824645996 63
1721320827947 0.6931471824645996 65
1721320828044 0.6931471824645996 67
1721320828107 0.6931471824645996 69
1721320828075 0.6931471824645996 68
1721320828137 0.6931471824645996 70
1721320828191 0.6931471824645996 72
1721320828248 0.6931471824645996 74
1721320828165 0.6931471824645996 71
1721320828275 0.6931471824645996 75
1721320828332 0.6931471824645996 77
1721320828220 0.6931471824645996 73
1721320828304 0.6931471824645996 76
1721320828357 0.6931471824645996 78
1721320828385 0.6931471824645996 79
1721320828412 0.6931471824645996 80
1721320828490 0.6931471824645996 83
1721320828437 0.6931471824645996 81
1721320828519 0.6931471824645996 84
1721320828545 0.6931471824645996 85
1721320828464 0.6931471824645996 82
1721320828572 0.6931471824645996 86
1721320828602 0.6931471824645996 87
1721320828628 0.6931471824645996 88
1721320828706 0.6931471824645996 91
1721320828759 0.6931471824645996 93
1721320828654 0.6931471824645996 89
1721320828680 0.6931471824645996 90
1721320828838 0.6931471824645996 96
1721320828811 0.6931471824645996 95
1721320828734 0.6931471824645996 92
1721320828785 0.6931471824645996 94
1721320828892 0.6931471824645996 98
1721320828864 0.6931471824645996 97
1721320828988 0.6931471824645996 101
1721320829071 0.6931471824645996 104
1721320829102 0.6931471824645996 105
1721320829016 0.6931471824645996 102
1721320828948 0.6931471824645996 100
1721320829042 0.6931471824645996 103
1721320828921 0.6931471824645996 99
1721320829129 0.6931471824645996 106
1721320829156 0.6931471824645996 107
1721320829183 0.6931471824645996 108
1721320829209 0.6931471824645996 109
1721320829342 0.6931471824645996 114
1721320829263 0.6931471824645996 111
1721320829316 0.6931471824645996 113
1721320829370 0.6931471824645996 115
1721320829236 0.6931471824645996 110
1721320829398 0.6931471824645996 116
1721320829450 0.6931471824645996 118
1721320829288 0.6931471824645996 112
1721320829591 0.6931471824645996 122
1721320829644 0.6931471824645996 124
1721320829561 0.6931471824645996 121
1721320829668 0.6931471824645996 125
1721320829618 0.6931471824645996 123
1721320829477 0.6931471824645996 119
1721320829696 0.6931471824645996 126
1721320829504 0.6931471824645996 120
1721320829721 0.6931471824645996 127
1721320829749 0.6931471824645996 128
1721320829805 0.6931471824645996 130
1721320829779 0.6931471824645996 129
1721320829833 0.6931471824645996 131
1721320829893 0.6931471824645996 133
1721320829921 0.6931471824645996 134
1721320829947 0.6931471824645996 135
1721320830004 0.6931471824645996 137
1721320829977 0.6931471824645996 136
1721320829864 0.6931471824645996 132
1721320830030 0.6931471824645996 138
1721320830056 0.6931471824645996 139
1721320830144 0.6931471824645996 142
1721320830109 0.6931471824645996 141
1721320830084 0.6931471824645996 140
1721320830173 0.6931471824645996 143
1721320830227 0.6931471824645996 145
1721320830200 0.6931471824645996 144
1721320830253 0.6931471824645996 146
1721320830304 0.6931471824645996 148
1721320830280 0.6931471824645996 147
1721320830388 0.6931471824645996 151
1721320830359 0.6931471824645996 150
1721320830333 0.6931471824645996 149
1721320830414 0.6931471824645996 152
1721320830494 0.6931471824645996 155
1721320830522 0.6931471824645996 156
1721320830467 0.6931471824645996 154
1721320830439 0.6931471824645996 153
1721320830549 0.6931471824645996 157
1721320830575 0.6931471824645996 158
1721320830604 0.6931471824645996 159
1721320830720 0.6931471824645996 162
1721320830664 0.6931471824645996 160
1721320830694 0.6931471824645996 161
1721320830775 0.6931471824645996 164
1721320830747 0.6931471824645996 163
1721320830801 0.6931471824645996 165
1721320830854 0.6931471824645996 167
1721320830827 0.6931471824645996 166
1721320830880 0.6931471824645996 168
1721320830905 0.6931471824645996 169
1721320830958 0.6931471824645996 171
1721320830932 0.6931471824645996 170
1721320830986 0.6931471824645996 172
1721320831067 0.6931471824645996 175
1721320831013 0.6931471824645996 173
1721320831039 0.6931471824645996 174
1721320831119 0.6931471824645996 177
1721320831092 0.6931471824645996 176
1721320831152 0.6931471824645996 178
1721320831179 0.6931471824645996 179
1721320831204 0.6931471824645996 180
1721320831270 0.6931471824645996 182
1721320831233 0.6931471824645996 181
1721320831303 0.6931471824645996 183
1721320831369 0.6931471824645996 185
1721320831337 0.6931471824645996 184
1721320831401 0.6931471824645996 186
1721320831461 0.6931471824645996 188
1721320831429 0.6931471824645996 187
1721320831496 0.6931471824645996 189
1721320831594 0.6931471824645996 191
1721320831624 0.6931471824645996 192
1721320831651 0.6931471824645996 193
1721320831677 0.6931471824645996 194
1721320831703 0.6931471824645996 195
1721320831730 0.6931471824645996 196
1721320831786 0.6931471824645996 198
1721320831758 0.6931471824645996 197
1721320831811 0.6931471824645996 199
1721320831837 0.6931471824645996 200
1721320831864 0.6931471824645996 201
1721320831889 0.6931471824645996 202
1721320831918 0.6931471824645996 203
1721320831970 0.6931471824645996 205
1721320831943 0.6931471824645996 204
1721320832000 0.6931471824645996 206
1721320832027 0.6931471824645996 207
1721320832052 0.6931471824645996 208
1721320832080 0.6931471824645996 209
1721320832134 0.6931471824645996 211
1721320832107 0.6931471824645996 210
1721320832216 0.6931471824645996 214
1721320832161 0.6931471824645996 212
1721320832187 0.6931471824645996 213
1721320832244 0.6931471824645996 215
1721320832270 0.6931471824645996 216
1721320832351 0.6931471824645996 219
1721320832297 0.6931471824645996 217
1721320832324 0.6931471824645996 218
1721320832409 0.6931471824645996 220
1721320832519 0.6931471824645996 224
1721320832440 0.6931471824645996 221
1721320832467 0.6931471824645996 222
1721320832493 0.6931471824645996 223
1721320832576 0.6931471824645996 226
1721320832546 0.6931471824645996 225
1721320832629 0.6931471824645996 228
1721320832603 0.6931471824645996 227
1721320832655 0.6931471824645996 229
1721320832684 0.6931471824645996 230
1721320832738 0.6931471824645996 232
1721320832766 0.6931471824645996 233
1721320832792 0.6931471824645996 234
1721320832713 0.6931471824645996 231
1721320832820 0.6931471824645996 235
1721320832852 0.6931471824645996 236
1721320832933 0.6931471824645996 239
1721320832879 0.6931471824645996 237
1721320832905 0.6931471824645996 238
1721320832959 0.6931471824645996 240
1721320832987 0.6931471824645996 241
1721320833013 0.6931471824645996 242
1721320833067 0.6931471824645996 244
1721320833093 0.6931471824645996 245
1721320833120 0.6931471824645996 246
1721320833182 0.6931471824645996 248
1721320833271 0.6931471824645996 250
1721320833152 0.6931471824645996 247
1721320833244 0.6931471824645996 249
1721320833322 0.6931471824645996 252
1721320833298 0.6931471824645996 251
1721320833404 0.6931471824645996 255
1721320833349 0.6931471824645996 253
1721320833376 0.6931471824645996 254
1721320833433 0.6931471824645996 256
1721320833546 0.6931471824645996 260
1721320833463 0.6931471824645996 257
1721320833520 0.6931471824645996 259
1721320833572 0.6931471824645996 261
1721320833598 0.6931471824645996 262
1721320833623 0.6931471824645996 263
1721320833704 0.6931471824645996 266
1721320833651 0.6931471824645996 264
1721320833679 0.6931471824645996 265
1721320833758 0.6931471824645996 268
1721320833733 0.6931471824645996 267
1721320833784 0.6931471824645996 269
1721320833809 0.6931471824645996 270
1721320833836 0.6931471824645996 271
1721320833863 0.6931471824645996 272
1721320833923 0.6931471824645996 273
1721320834008 0.6931471824645996 276
1721320833953 0.6931471824645996 274
1721320834035 0.6931471824645996 277
1721320833982 0.6931471824645996 275
1721320834062 0.6931471824645996 278
1721320834115 0.6931471824645996 280
1721320834088 0.6931471824645996 279
1721320834143 0.6931471824645996 281
1721320834170 0.6931471824645996 282
1721320834197 0.6931471824645996 283
1721320834222 0.6931471824645996 284
1721320834249 0.6931471824645996 285
1721320834329 0.6931471824645996 288
1721320834275 0.6931471824645996 286
1721320834385 0.6931471824645996 290
1721320834356 0.6931471824645996 289
1721320834411 0.6931471824645996 291
1721320834499 0.6931471824645996 294
1721320834472 0.6931471824645996 293
1721320834438 0.6931471824645996 292
1721320834524 0.6931471824645996 295
1721320834628 0.6931471824645996 297
1721320834588 0.6931471824645996 296
1721320834657 0.6931471824645996 298
1721320834730 0.6931471824645996 300
1721320834690 0.6931471824645996 299
1721320834758 0.6931471824645996 301
1721320834790 0.6931471824645996 302
1721320834820 0.6931471824645996 303
1721320834849 0.6931471824645996 304
1721320834913 0.6931471824645996 306
1721320834969 0.6931471824645996 308
1721320834940 0.6931471824645996 307
1721320834999 0.6931471824645996 309
1721320834880 0.6931471824645996 305
1721320835028 0.6931471824645996 310
1721320835087 0.6931471824645996 312
1721320835057 0.6931471824645996 311
1721320835143 0.6931471824645996 314
1721320835115 0.6931471824645996 313
1721320835171 0.6931471824645996 315
1721320835284 0.6931471824645996 317
1721320835200 0.6931471824645996 316
1721320835313 0.6931471824645996 318
1721320835374 0.6931471824645996 320
1721320835346 0.6931471824645996 319
1721320835437 0.6931471824645996 322
1721320835407 0.6931471824645996 321
1721320835517 0.6931471824645996 323
1721320835573 0.6931471824645996 325
1721320835608 0.6931471824645996 326
1721320835546 0.6931471824645996 324
1721320835645 0.6931471824645996 327
1721320835701 0.6931471824645996 329
1721320835730 0.6931471824645996 330
1721320835674 0.6931471824645996 328
1721320835789 0.6931471824645996 332
1721320835915 0.6931471824645996 336
1721320835852 0.6931471824645996 334
1721320835821 0.6931471824645996 333
1721320835882 0.6931471824645996 335
1721320835759 0.6931471824645996 331
1721320835980 0.6931471824645996 337
1721320836019 0.6931471824645996 338
1721320836048 0.6931471824645996 339
1721320836109 0.6931471824645996 341
1721320836081 0.6931471824645996 340
1721320836168 0.6931471824645996 343
1721320836138 0.6931471824645996 342
1721320836198 0.6931471824645996 344
1721320836228 0.6931471824645996 345
1721320836262 0.6931471824645996 346
1721320836294 0.6931471824645996 347
1721320836325 0.6931471824645996 348
1721320836396 0.6931471824645996 350
1721320836439 0.6931471824645996 351
1721320836357 0.6931471824645996 349
1721320836477 0.6931471824645996 352
1721320836555 0.6931471824645996 355
1721320836530 0.6931471824645996 354
1721320836504 0.6931471824645996 353
1721320836611 0.6931471824645996 356
1721320836638 0.6931471824645996 357
1721320836665 0.6931471824645996 358
1721320836719 0.6931471824645996 360
1721320836745 0.6931471824645996 361
1721320836851 0.6931471824645996 365
1721320836771 0.6931471824645996 362
1721320836822 0.6931471824645996 364
1721320836797 0.6931471824645996 363
1721320836878 0.6931471824645996 366
1721320836905 0.6931471824645996 367
1721320836932 0.6931471824645996 368
1721320837023 0.6931471824645996 371
1721320836991 0.6931471824645996 370
1721320837082 0.6931471824645996 373
1721320837051 0.6931471824645996 372
1721320837112 0.6931471824645996 374
1721320837174 0.6931471824645996 375
1721320837235 0.6931471824645996 377
1721320837207 0.6931471824645996 376
1721320837314 0.6931471824645996 380
1721320837261 0.6931471824645996 378
1721320837340 0.6931471824645996 381
1721320837367 0.6931471824645996 382
1721320837397 0.6931471824645996 383
1721320837451 0.6931471824645996 385
1721320837423 0.6931471824645996 384
1721320837507 0.6931471824645996 387
1721320837479 0.6931471824645996 386
1721320837561 0.6931471824645996 389
1721320837617 0.6931471824645996 391
1721320837535 0.6931471824645996 388
1721320837588 0.6931471824645996 390
1721320837732 0.6931471824645996 394
1721320837676 0.6931471824645996 392
1721320837757 0.6931471824645996 395
1721320837785 0.6931471824645996 396
1721320837704 0.6931471824645996 393
1721320837834 0.6931471824645996 398
1721320837810 0.6931471824645996 397
1721320837864 0.6931471824645996 399
1721320837890 0.6931471824645996 400
1721320837920 0.6931471824645996 401
1721320837980 0.6931471824645996 403
1721320837953 0.6931471824645996 402
1721320838008 0.6931471824645996 404
1721320838035 0.6931471824645996 405
1721320838061 0.6931471824645996 406
1721320838088 0.6931471824645996 407
1721320838143 0.6931471824645996 409
1721320838116 0.6931471824645996 408
1721320838233 0.6931471824645996 411
1721320838205 0.6931471824645996 410
1721320838258 0.6931471824645996 412
1721320838286 0.6931471824645996 413
1721320838312 0.6931471824645996 414
1721320838339 0.6931471824645996 415
1721320838393 0.6931471824645996 417
1721320838366 0.6931471824645996 416
1721320838424 0.6931471824645996 418
1721320838451 0.6931471824645996 419
1721320838478 0.6931471824645996 420
1721320838506 0.6931471824645996 421
1721320838534 0.6931471824645996 422
1721320838561 0.6931471824645996 423
1721320838592 0.6931471824645996 424
1721320838620 0.6931471824645996 425
1721320838650 0.6931471824645996 426
1721320838739 0.6931471824645996 428
1721320838767 0.6931471824645996 429
1721320838676 0.6931471824645996 427
1721320838794 0.6931471824645996 430
1721320838822 0.6931471824645996 431
1721320838849 0.6931471824645996 432
1721320838875 0.6931471824645996 433
1721320838933 0.6931471824645996 435
1721320838960 0.6931471824645996 436
1721320838903 0.6931471824645996 434
1721320838988 0.6931471824645996 437
1721320839016 0.6931471824645996 438
1721320839045 0.6931471824645996 439
1721320839070 0.6931471824645996 440
1721320839098 0.6931471824645996 441
1721320839126 0.6931471824645996 442
1721320839153 0.6931471824645996 443
1721320839204 0.6931471824645996 444
1721320839269 0.6931471824645996 446
1721320839243 0.6931471824645996 445
1721320839296 0.6931471824645996 447
1721320839321 0.6931471824645996 448
1721320839382 0.6931471824645996 450
1721320839351 0.6931471824645996 449
1721320839409 0.6931471824645996 451
1721320839438 0.6931471824645996 452
1721320839466 0.6931471824645996 453
1721320839493 0.6931471824645996 454
1721320839546 0.6931471824645996 456
1721320839519 0.6931471824645996 455
1721320839601 0.6931471824645996 458
1721320839573 0.6931471824645996 457
1721320839686 0.6931471824645996 460
1721320839717 0.6931471824645996 461
1721320839626 0.6931471824645996 459
1721320839743 0.6931471824645996 462
1721320839768 0.6931471824645996 463
1721320839799 0.6931471824645996 464
1721320839834 0.6931471824645996 465
1721320839861 0.6931471824645996 466
1721320839894 0.6931471824645996 467
1721320839921 0.6931471824645996 468
1721320839948 0.6931471824645996 469
1721320840002 0.6931471824645996 471
1721320840031 0.6931471824645996 472
1721320839973 0.6931471824645996 470
1721320840086 0.6931471824645996 474
1721320840140 0.6931471824645996 476
1721320840059 0.6931471824645996 473
1721320840113 0.6931471824645996 475
1721320840168 0.6931471824645996 477
1721320840196 0.6931471824645996 478
1721320840222 0.6931471824645996 479
1721320840250 0.6931471824645996 480
1721320840310 0.6931471824645996 481
1721320840338 0.6931471824645996 482
1721320840402 0.6931471824645996 484
1721320840367 0.6931471824645996 483
1721320840431 0.6931471824645996 485
1721320840473 0.6931471824645996 486
1721320840532 0.6931471824645996 488
1721320840504 0.6931471824645996 487
1721320840561 0.6931471824645996 489
1721320840653 0.6931471824645996 492
1721320840590 0.6931471824645996 490
1721320840620 0.6931471824645996 491
1721320840681 0.6931471824645996 493
1721320840710 0.6931471824645996 494
1721320840746 0.6931471824645996 495
1721320840809 0.6931471824645996 496
1721320840874 0.6931471824645996 498
1721320840901 0.6931471824645996 499
1721320840843 0.6931471824645996 497
1721320840956 0.6931471824645996 501
1721320840931 0.6931471824645996 500
1721320841085 0.6931471824645996 505
1721320841022 0.6931471824645996 503
1721320840989 0.6931471824645996 502
1721320841055 0.6931471824645996 504
1721320841170 0.6931471824645996 506
1721320841202 0.6931471824645996 507
1721320841234 0.6931471824645996 508
1721320841264 0.6931471824645996 509
1721320841291 0.6931471824645996 510
1721320841358 0.6931471824645996 511
1721320841417 0.6931471824645996 513
1721320841390 0.6931471824645996 512
1721320841445 0.6931471824645996 514
1721320841479 0.6931471824645996 515
1721320841506 0.6931471824645996 516
1721320841534 0.6931471824645996 517
1721320841563 0.6931471824645996 518
1721320841595 0.6931471824645996 519
1721320841622 0.6931471824645996 520
1721320841650 0.6931471824645996 521
1721320841688 0.6931471824645996 522
1721320841719 0.6931471824645996 523
1721320841750 0.6931471824645996 524
1721320841786 0.6931471824645996 525
1721320841851 0.6931471824645996 526
1721320841913 0.6931471824645996 528
1721320841969 0.6931471824645996 530
1721320841881 0.6931471824645996 527
1721320841942 0.6931471824645996 529
1721320841998 0.6931471824645996 531
1721320842028 0.6931471824645996 532
1721320842055 0.6931471824645996 533
1721320842149 0.6931471824645996 536
1721320842121 0.6931471824645996 535
1721320842086 0.6931471824645996 534
1721320842178 0.6931471824645996 537
1721320842207 0.6931471824645996 538
1721320842304 0.6931471824645996 540
1721320842279 0.6931471824645996 539
1721320842334 0.6931471824645996 541
1721320842366 0.6931471824645996 542
1721320842409 0.6931471824645996 543
1721320842494 0.6931471824645996 546
1721320842437 0.6931471824645996 544
1721320842467 0.6931471824645996 545
1721320842521 0.6931471824645996 547
1721320842557 0.6931471824645996 548
1721320842614 0.6931471824645996 550
1721320842639 0.6931471824645996 551
1721320842588 0.6931471824645996 549
1721320842667 0.6931471824645996 552
1721320842695 0.6931471824645996 553
1721320842756 0.6931471824645996 554
1721320842787 0.6931471824645996 555
1721320842813 0.6931471824645996 556
1721320842839 0.6931471824645996 557
1721320842866 0.6931471824645996 558
1721320842952 0.6931471824645996 561
1721320842897 0.6931471824645996 559
1721320842926 0.6931471824645996 560
1721320842979 0.6931471824645996 562
1721320843010 0.6931471824645996 563
1721320843062 0.6931471824645996 565
1721320843088 0.6931471824645996 566
1721320843034 0.6931471824645996 564
1721320843115 0.6931471824645996 567
1721320843165 0.6931471824645996 568
1721320843228 0.6931471824645996 570
1721320843288 0.6931471824645996 572
1721320843255 0.6931471824645996 571
1721320843347 0.6931471824645996 574
1721320843315 0.6931471824645996 573
1721320843404 0.6931471824645996 576
1721320843375 0.6931471824645996 575
1721320843433 0.6931471824645996 577
1721320843463 0.6931471824645996 578
1721320843520 0.6931471824645996 580
1721320843614 0.6931471824645996 582
1721320843491 0.6931471824645996 579
1721320843581 0.6931471824645996 581
1721320843678 0.6931471824645996 584
1721320843644 0.6931471824645996 583
1721320843712 0.6931471824645996 585
1721320843742 0.6931471824645996 586
1721320843768 0.6931471824645996 587
1721320843801 0.6931471824645996 588
1721320843985 0.6931471824645996 593
1721320843833 0.6931471824645996 589
1721320843898 0.6931471824645996 591
1721320844024 0.6931471824645996 594
1721320843923 0.6931471824645996 592
1721320843864 0.6931471824645996 590
1721320844055 0.6931471824645996 595
1721320844085 0.6931471824645996 596
1721320844112 0.6931471824645996 597
1721320844137 0.6931471824645996 598
1721320844167 0.6931471824645996 599
1721320844194 0.6931471824645996 600
1721320844274 0.6931471824645996 603
1721320844221 0.6931471824645996 601
1721320844248 0.6931471824645996 602
1721320844300 0.6931471824645996 604
1721320844326 0.6931471824645996 605
1721320844415 0.6931471824645996 607
1721320844386 0.6931471824645996 606
1721320844500 0.6931471824645996 610
1721320844471 0.6931471824645996 609
1721320844445 0.6931471824645996 608
1721320844528 0.6931471824645996 611
1721320844609 0.6931471824645996 614
1721320844637 0.6931471824645996 615
1721320844554 0.6931471824645996 612
1721320844582 0.6931471824645996 613
1721320844663 0.6931471824645996 616
1721320844695 0.6931471824645996 617
1721320844743 0.6931471824645996 618
1721320844798 0.6931471824645996 620
1721320844886 0.6931471824645996 623
1721320844861 0.6931471824645996 622
1721320844770 0.6931471824645996 619
1721320844825 0.6931471824645996 621
1721320844911 0.6931471824645996 624
1721320844937 0.6931471824645996 625
1721320844964 0.6931471824645996 626
1721320845020 0.6931471824645996 628
1721320844993 0.6931471824645996 627
1721320845046 0.6931471824645996 629
1721320845072 0.6931471824645996 630
1721320845101 0.6931471824645996 631
1721320845127 0.6931471824645996 632
1721320845212 0.6931471824645996 634
1721320845153 0.6931471824645996 633
1721320845243 0.6931471824645996 635
1721320845269 0.6931471824645996 636
1721320845300 0.6931471824645996 637
1721320845329 0.6931471824645996 638
1721320845363 0.6931471824645996 639
1721320845389 0.6931471824645996 640
1721320845417 0.6931471824645996 641
1721320845443 0.6931471824645996 642
1721320845496 0.6931471824645996 644
1721320845469 0.6931471824645996 643
1721320845551 0.6931471824645996 646
1721320845524 0.6931471824645996 645
1721320845604 0.6931471824645996 648
1721320845577 0.6931471824645996 647
1721320845629 0.6931471824645996 649
1721320845721 0.6931471824645996 651
1721320845784 0.6931471824645996 653
1721320845816 0.6931471824645996 654
1721320845661 0.6931471824645996 650
1721320845756 0.6931471824645996 652
1721320845870 0.6931471824645996 656
1721320845844 0.6931471824645996 655
1721320845899 0.6931471824645996 657
1721320845925 0.6931471824645996 658
1721320845952 0.6931471824645996 659
1721320846009 0.6931471824645996 661
1721320845979 0.6931471824645996 660
1721320846097 0.6931471824645996 664
1721320846069 0.6931471824645996 663
1721320846212 0.6931471824645996 665
1721320846307 0.6931471824645996 668
1721320846252 0.6931471824645996 666
1721320846278 0.6931471824645996 667
1721320846338 0.6931471824645996 669
1721320846364 0.6931471824645996 670
1721320846421 0.6931471824645996 672
1721320846390 0.6931471824645996 671
1721320846477 0.6931471824645996 674
1721320846449 0.6931471824645996 673
1721320846537 0.6931471824645996 675
1721320846570 0.6931471824645996 676
1721320846596 0.6931471824645996 677
1721320846624 0.6931471824645996 678
1721320846651 0.6931471824645996 679
1721320846705 0.6931471824645996 681
1721320846679 0.6931471824645996 680
1721320846733 0.6931471824645996 682
1721320846763 0.6931471824645996 683
1721320846795 0.6931471824645996 684
1721320846821 0.6931471824645996 685
1721320846932 0.6931471824645996 688
1721320846960 0.6931471824645996 689
1721320846899 0.6931471824645996 687
1721320846847 0.6931471824645996 686
1721320846989 0.6931471824645996 690
1721320847045 0.6931471824645996 692
1721320847019 0.6931471824645996 691
1721320847072 0.6931471824645996 693
1721320847101 0.6931471824645996 694
1721320847129 0.6931471824645996 695
1721320847278 0.6931471824645996 699
1721320847251 0.6931471824645996 698
1721320847155 0.6931471824645996 696
1721320847218 0.6931471824645996 697
1721320847303 0.6931471824645996 700
1721320847330 0.6931471824645996 701
1721320847358 0.6931471824645996 702
1721320847438 0.6931471824645996 705
1721320847412 0.6931471824645996 704
1721320847385 0.6931471824645996 703
1721320847501 0.6931471824645996 707
1721320847468 0.6931471824645996 706
1721320847560 0.6931471824645996 708
1721320847591 0.6931471824645996 709
1721320847621 0.6931471824645996 710
1721320847653 0.6931471824645996 711
1721320847682 0.6931471824645996 712
1721320847710 0.6931471824645996 713
1721320847737 0.6931471824645996 714
1721320847766 0.6931471824645996 715
1721320847847 0.6931471824645996 718
1721320847819 0.6931471824645996 717
1721320847792 0.6931471824645996 716
1721320847873 0.6931471824645996 719
1721320847900 0.6931471824645996 720
1721320847927 0.6931471824645996 721
1721320847959 0.6931471824645996 722
1721320847988 0.6931471824645996 723
1721320848020 0.6931471824645996 724
1721320848080 0.6931471824645996 725
1721320848191 0.6931471824645996 729
1721320848111 0.6931471824645996 726
1721320848220 0.6931471824645996 730
1721320848165 0.6931471824645996 728
1721320848246 0.6931471824645996 731
1721320848273 0.6931471824645996 732
1721320848327 0.6931471824645996 734
1721320848299 0.6931471824645996 733
1721320848352 0.6931471824645996 735
1721320848463 0.6931471824645996 739
1721320848377 0.6931471824645996 736
1721320848408 0.6931471824645996 737
1721320848435 0.6931471824645996 738
1721320848489 0.6931471824645996 740
1721320848547 0.6931471824645996 741
1721320848630 0.6931471824645996 744
1721320848578 0.6931471824645996 742
1721320848603 0.6931471824645996 743
1721320848657 0.6931471824645996 745
1721320848684 0.6931471824645996 746
1721320848737 0.6931471824645996 748
1721320848710 0.6931471824645996 747
1721320848766 0.6931471824645996 749
1721320848793 0.6931471824645996 750
1721320848830 0.6931471824645996 751
1721320848884 0.6931471824645996 753
1721320848856 0.6931471824645996 752
1721320848912 0.6931471824645996 754
1721320849038 0.6931471824645996 757
1721320848939 0.6931471824645996 755
1721320849091 0.6931471824645996 759
1721320849064 0.6931471824645996 758
1721320849118 0.6931471824645996 760
1721320849000 0.6931471824645996 756
1721320849173 0.6931471824645996 762
1721320849144 0.6931471824645996 761
1721320849203 0.6931471824645996 763
1721320849237 0.6931471824645996 764
1721320849293 0.6931471824645996 766
1721320849267 0.6931471824645996 765
1721320849318 0.6931471824645996 767
1721320849344 0.6931471824645996 768
1721320849404 0.6931471824645996 769
1721320849435 0.6931471824645996 770
1721320849462 0.6931471824645996 771
1721320849488 0.6931471824645996 772
1721320849516 0.6931471824645996 773
1721320849543 0.6931471824645996 774
1721320849569 0.6931471824645996 775
1721320849599 0.6931471824645996 776
1721320849626 0.6931471824645996 777
1721320849690 0.6931471824645996 778
1721320849743 0.6931471824645996 780
1721320849717 0.6931471824645996 779
1721320849771 0.6931471824645996 781
1721320849798 0.6931471824645996 782
1721320849826 0.6931471824645996 783
1721320849854 0.6931471824645996 784
1721320849886 0.6931471824645996 785
1721320849919 0.6931471824645996 786
1721320849950 0.6931471824645996 787
1721320850029 0.6931471824645996 789
1721320849999 0.6931471824645996 788
1721320850056 0.6931471824645996 790
1721320850095 0.6931471824645996 791
1721320850207 0.6931471824645996 795
1721320850408 0.6931471824645996 801
1721320850123 0.6931471824645996 792
1721320850151 0.6931471824645996 793
1721320850177 0.6931471824645996 794
1721320850266 0.6931471824645996 797
1721320850235 0.6931471824645996 796
1721320850348 0.6931471824645996 799
1721320850378 0.6931471824645996 800
1721320850320 0.6931471824645996 798
1721320850465 0.6931471824645996 803
1721320850435 0.6931471824645996 802
1721320850522 0.6931471824645996 805
1721320850495 0.6931471824645996 804
1721320850549 0.6931471824645996 806
1721320850611 0.6931471824645996 808
1721320850577 0.6931471824645996 807
1721320850676 0.6931471824645996 810
1721320850646 0.6931471824645996 809
1721320850709 0.6931471824645996 811
1721320850740 0.6931471824645996 812
1721320850768 0.6931471824645996 813
1721320850897 0.6931471824645996 816
1721320850797 0.6931471824645996 814
1721320850831 0.6931471824645996 815
1721320850928 0.6931471824645996 817
1721320850992 0.6931471824645996 819
1721320850959 0.6931471824645996 818
1721320851052 0.6931471824645996 821
1721320851020 0.6931471824645996 820
1721320851116 0.6931471824645996 823
1721320851082 0.6931471824645996 822
1721320851142 0.6931471824645996 824
1721320851173 0.6931471824645996 825
1721320851201 0.6931471824645996 826
1721320851295 0.6931471824645996 829
1721320851322 0.6931471824645996 830
1721320851354 0.6931471824645996 831
1721320851234 0.6931471824645996 827
1721320851263 0.6931471824645996 828
1721320851382 0.6931471824645996 832
1721320851411 0.6931471824645996 833
1721320851473 0.6931471824645996 835
1721320851504 0.6931471824645996 836
1721320851602 0.6931471824645996 839
1721320851570 0.6931471824645996 838
1721320851538 0.6931471824645996 837
1721320851678 0.6931471824645996 840
1721320851706 0.6931471824645996 841
1721320851770 0.6931471824645996 843
1721320851829 0.6931471824645996 845
1721320851799 0.6931471824645996 844
1721320851860 0.6931471824645996 846
1721320852016 0.6931471824645996 851
1721320851888 0.6931471824645996 847
1721320851919 0.6931471824645996 848
1721320851949 0.6931471824645996 849
1721320851980 0.6931471824645996 850
1721320852046 0.6931471824645996 852
1721320852074 0.6931471824645996 853
1721320852129 0.6931471824645996 855
1721320852101 0.6931471824645996 854
1721320852161 0.6931471824645996 856
1721320852188 0.6931471824645996 857
1721320852286 0.6931471824645996 859
1721320852343 0.6931471824645996 861
1721320852258 0.6931471824645996 858
1721320852317 0.6931471824645996 860
1721320852380 0.6931471824645996 862
1721320852414 0.6931471824645996 863
1721320852444 0.6931471824645996 864
1721320852473 0.6931471824645996 865
1721320852503 0.6931471824645996 866
1721320852533 0.6931471824645996 867
1721320852645 0.6931471824645996 871
1721320852618 0.6931471824645996 870
1721320852560 0.6931471824645996 868
1721320852587 0.6931471824645996 869
1721320852672 0.6931471824645996 872
1721320852732 0.6931471824645996 874
1721320852761 0.6931471824645996 875
1721320852706 0.6931471824645996 873
1721320852787 0.6931471824645996 876
1721320852815 0.6931471824645996 877
1721320852842 0.6931471824645996 878
1721320852939 0.6931471824645996 880
1721320852906 0.6931471824645996 879
1721320853007 0.6931471824645996 882
1721320853090 0.6931471824645996 885
1721320853063 0.6931471824645996 884
1721320853036 0.6931471824645996 883
1721320853117 0.6931471824645996 886
1721320853143 0.6931471824645996 887
1721320853174 0.6931471824645996 888
1721320853228 0.6931471824645996 890
1721320853200 0.6931471824645996 889
1721320853255 0.6931471824645996 891
1721320853340 0.6931471824645996 894
1721320853395 0.6931471824645996 896
1721320853367 0.6931471824645996 895
1721320853313 0.6931471824645996 893
1721320853422 0.6931471824645996 897
1721320853452 0.6931471824645996 898
1721320853541 0.6931471824645996 900
1721320853511 0.6931471824645996 899
1721320853598 0.6931471824645996 902
1721320853626 0.6931471824645996 903
1721320853660 0.6931471824645996 904
1721320853686 0.6931471824645996 905
1721320853569 0.6931471824645996 901
1721320853713 0.6931471824645996 906
1721320853766 0.6931471824645996 908
1721320853740 0.6931471824645996 907
1721320853818 0.6931471824645996 910
1721320853845 0.6931471824645996 911
1721320853793 0.6931471824645996 909
1721320853927 0.6931471824645996 914
1721320853900 0.6931471824645996 913
1721320853952 0.6931471824645996 915
1721320853872 0.6931471824645996 912
1721320853987 0.6931471824645996 916
1721320854015 0.6931471824645996 917
1721320854042 0.6931471824645996 918
1721320854068 0.6931471824645996 919
1721320854212 0.6931471824645996 923
1721320854130 0.6931471824645996 920
1721320854185 0.6931471824645996 922
1721320854158 0.6931471824645996 921
1721320854238 0.6931471824645996 924
1721320854265 0.6931471824645996 925
1721320854298 0.6931471824645996 926
1721320854325 0.6931471824645996 927
1721320854352 0.6931471824645996 928
1721320854411 0.6931471824645996 930
1721320854383 0.6931471824645996 929
1721320854440 0.6931471824645996 931
1721320854537 0.6931471824645996 933
1721320854469 0.6931471824645996 932
1721320854632 0.6931471824645996 936
1721320854606 0.6931471824645996 935
1721320854581 0.6931471824645996 934
1721320854688 0.6931471824645996 938
1721320854664 0.6931471824645996 937
1721320854822 0.6931471824645996 943
1721320854744 0.6931471824645996 940
1721320854716 0.6931471824645996 939
1721320854770 0.6931471824645996 941
1721320854797 0.6931471824645996 942
1721320854848 0.6931471824645996 944
1721320854876 0.6931471824645996 945
1721320854936 0.6931471824645996 946
1721320854963 0.6931471824645996 947
1721320854997 0.6931471824645996 948
1721320855083 0.6931471824645996 951
1721320855027 0.6931471824645996 949
1721320855052 0.6931471824645996 950
1721320855168 0.6931471824645996 954
1721320855112 0.6931471824645996 952
1721320855141 0.6931471824645996 953
1721320855195 0.6931471824645996 955
1721320855221 0.6931471824645996 956
1721320855311 0.6931471824645996 958
1721320855340 0.6931471824645996 959
1721320855280 0.6931471824645996 957
1721320855394 0.6931471824645996 961
1721320855367 0.6931471824645996 960
1721320855420 0.6931471824645996 962
1721320855449 0.6931471824645996 963
1721320855475 0.6931471824645996 964
1721320855502 0.6931471824645996 965
1721320855529 0.6931471824645996 966
1721320855587 0.6931471824645996 968
1721320855651 0.6931471824645996 970
1721320855623 0.6931471824645996 969
1721320855556 0.6931471824645996 967
1721320855679 0.6931471824645996 971
1721320855771 0.6931471824645996 973
1721320855802 0.6931471824645996 974
1721320855706 0.6931471824645996 972
1721320855836 0.6931471824645996 975
1721320855864 0.6931471824645996 976
1721320855891 0.6931471824645996 977
1721320855975 0.6931471824645996 980
1721320855948 0.6931471824645996 979
1721320855918 0.6931471824645996 978
1721320856008 0.6931471824645996 981
1721320856035 0.6931471824645996 982
1721320856062 0.6931471824645996 983
1721320856091 0.6931471824645996 984
1721320856118 0.6931471824645996 985
1721320856146 0.6931471824645996 986
1721320856172 0.6931471824645996 987
1721320856198 0.6931471824645996 988
1721320856233 0.6931471824645996 989
1721320856285 0.6931471824645996 991
1721320856260 0.6931471824645996 990
1721320856401 0.6931471824645996 994
1721320856371 0.6931471824645996 993
1721320856312 0.6931471824645996 992
1721320856429 0.6931471824645996 995
1721320856457 0.6931471824645996 996
1721320856483 0.6931471824645996 997
1721320856537 0.6931471824645996 999
1721320856510 0.6931471824645996 998
