1721327189124 0.75 0
1721327189173 0.75 1
1721327189323 0.75 3
1721327189399 0.75 4
1721327189247 0.75 2
1721327189657 0.75 6
1721327189858 0.75 8
1721327189964 0.75 9
1721327189752 0.75 7
1721327189474 0.75 5
1721327190168 0.75 10
1721327190255 0.75 11
1721327190507 0.75 14
1721327190398 0.75 13
1721327190329 0.75 12
1721327190828 0.75 18
1721327190692 0.75 16
1721327190601 0.75 15
1721327190758 0.75 17
1721327190969 0.75 20
1721327190896 0.75 19
1721327191094 0.75 21
1721327191157 0.75 22
1721327191218 0.75 23
1721327191355 0.75 25
1721327191551 0.75 27
1721327191423 0.75 26
1721327191624 0.75 28
1721327191695 0.75 29
1721327191767 0.75 30
1721327191846 0.75 31
1721327192122 0.75 34
1721327191972 0.75 32
1721327192338 0.75 37
1721327192048 0.75 33
1721327192192 0.75 35
1721327192267 0.75 36
1721327192457 0.75 38
1721327192591 0.75 40
1721327192522 0.75 39
1721327192649 0.75 41
1721327192818 0.75 43
1721327192858 0.75 44
1721327192999 0.75 49
1721327192886 0.75 45
1721327192700 0.75 42
1721327192970 0.75 48
1721327192912 0.75 46
1721327192943 0.75 47
1721327193028 0.75 50
1721327193063 0.75 51
1721327193121 0.75 53
1721327193091 0.75 52
1721327193153 0.75 54
1721327193184 0.75 55
1721327193278 0.75 58
1721327193246 0.75 57
1721327193216 0.75 56
1721327193306 0.75 59
1721327193334 0.75 60
1721327193364 0.75 61
1721327193391 0.75 62
1721327193531 0.75 67
1721327193471 0.75 65
1721327193443 0.75 64
1721327193497 0.75 66
1721327193617 0.75 70
1721327193562 0.75 68
1721327193589 0.75 69
1721327193647 0.75 71
1721327193700 0.75 73
1721327193674 0.75 72
1721327193728 0.75 74
1721327193756 0.75 75
1721327193782 0.75 76
1721327193809 0.75 77
1721327193892 0.75 80
1721327193837 0.75 78
1721327193864 0.75 79
1721327193926 0.75 81
1721327193953 0.75 82
1721327193982 0.75 83
1721327194010 0.75 84
1721327194090 0.75 87
1721327194063 0.75 86
1721327194120 0.75 88
1721327194035 0.75 85
1721327194165 0.75 89
1721327194192 0.75 90
1721327194221 0.75 91
1721327194248 0.75 92
1721327194301 0.75 94
1721327194275 0.75 93
1721327194413 0.75 98
1721327194330 0.75 95
1721327194357 0.75 96
1721327194384 0.75 97
1721327194439 0.75 99
1721327194466 0.75 100
1721327194494 0.75 101
1721327194521 0.75 102
1721327194547 0.75 103
1721327194601 0.75 105
1721327194574 0.75 104
1721327194655 0.75 107
1721327194628 0.75 106
1721327194682 0.75 108
1721327194707 0.75 109
1721327194735 0.75 110
1721327194761 0.75 111
1721327194791 0.75 112
1721327194818 0.75 113
1721327194850 0.75 114
1721327194879 0.75 115
1721327194931 0.75 117
1721327194959 0.75 118
1721327194904 0.75 116
1721327195018 0.75 120
1721327195046 0.75 121
1721327194985 0.75 119
1721327195073 0.75 122
1721327195100 0.75 123
1721327195189 0.75 125
1721327195222 0.75 126
1721327195127 0.75 124
1721327195249 0.75 127
1721327195276 0.75 128
1721327195329 0.75 130
1721327195301 0.75 129
1721327195353 0.75 131
1721327195379 0.75 132
1721327195406 0.75 133
1721327195432 0.75 134
1721327195459 0.75 135
1721327195493 0.75 136
1721327195524 0.75 137
1721327195560 0.75 138
1721327195595 0.75 139
1721327195695 0.75 142
1721327195630 0.75 140
1721327195662 0.75 141
1721327195767 0.75 144
1721327195806 0.75 145
1721327195731 0.75 143
1721327195845 0.75 146
1721327195930 0.75 148
1721327195886 0.75 147
1721327195962 0.75 149
1721327195999 0.75 150
1721327196034 0.75 151
1721327196073 0.75 152
1721327196109 0.75 153
1721327196211 0.75 156
1721327196143 0.75 154
1721327196249 0.75 157
1721327196177 0.75 155
1721327196283 0.75 158
1721327196402 0.75 160
1721327196446 0.75 161
1721327196368 0.75 159
1721327196478 0.75 162
1721327196523 0.75 163
1721327196558 0.75 164
1721327196591 0.75 165
1721327196658 0.75 167
1721327196626 0.75 166
1721327196732 0.75 169
1721327196695 0.75 168
1721327196775 0.75 170
1721327196893 0.75 172
1721327196811 0.75 171
1721327196972 0.75 174
1721327196934 0.75 173
1721327197018 0.75 175
1721327197051 0.75 176
1721327197155 0.75 179
1721327197086 0.75 177
1721327197120 0.75 178
1721327197189 0.75 180
1721327197223 0.75 181
1721327197259 0.75 182
1721327197293 0.75 183
1721327197326 0.75 184
1721327197360 0.75 185
1721327197393 0.75 186
1721327197425 0.75 187
1721327197459 0.75 188
1721327197492 0.75 189
1721327197525 0.75 190
1721327197561 0.75 191
1721327197596 0.75 192
1721327197628 0.75 193
1721327197667 0.75 194
1721327197700 0.75 195
1721327197778 0.75 197
1721327197737 0.75 196
1721327197833 0.75 198
1721327197880 0.75 199
1721327197913 0.75 200
1721327197949 0.75 201
1721327198026 0.75 203
1721327197988 0.75 202
1721327198058 0.75 204
1721327198160 0.75 207
1721327198127 0.75 206
1721327198093 0.75 205
1721327198303 0.75 209
1721327198195 0.75 208
1721327198338 0.75 210
1721327198373 0.75 211
1721327198405 0.75 212
1721327198439 0.75 213
1721327198474 0.75 214
1721327198546 0.75 216
1721327198578 1.0 217
1721327198509 0.75 215
1721327198647 1.0 219
1721327198612 1.0 218
1721327198684 1.0 220
1721327198756 1.0 222
1721327198720 1.0 221
1721327198825 1.0 224
1721327198788 1.0 223
1721327198900 1.0 226
1721327198935 1.0 227
1721327198861 1.0 225
1721327199004 1.0 229
1721327198968 1.0 228
1721327199070 1.0 231
1721327199038 1.0 230
1721327199139 1.0 233
1721327199104 1.0 232
1721327199176 1.0 234
1721327199214 1.0 235
1721327199250 1.0 236
1721327199310 1.0 237
1721327199349 1.0 238
1721327199450 1.0 241
1721327199416 1.0 240
1721327199383 1.0 239
1721327199484 1.0 242
1721327199519 1.0 243
1721327199592 1.0 244
1721327199631 1.0 245
1721327199662 1.0 246
1721327199696 1.0 247
1721327199767 1.0 249
1721327199733 1.0 248
1721327199801 1.0 250
1721327199839 1.0 251
1721327199874 1.0 252
1721327199909 1.0 253
1721327199978 1.0 255
1721327199942 1.0 254
1721327200013 1.0 256
1721327200049 1.0 257
1721327200117 1.0 259
1721327200082 1.0 258
1721327200155 1.0 260
1721327200191 1.0 261
1721327200226 1.0 262
1721327200262 1.0 263
1721327200296 1.0 264
1721327200331 1.0 265
1721327200410 1.0 267
1721327200445 1.0 268
1721327200367 1.0 266
1721327200482 1.0 269
1721327200521 1.0 270
1721327200556 1.0 271
1721327200634 1.0 272
1721327200706 1.0 274
1721327200673 1.0 273
1721327200743 1.0 275
1721327200789 1.0 276
1721327200862 1.0 278
1721327200894 1.0 279
1721327200928 1.0 280
1721327200825 1.0 277
1721327200964 1.0 281
1721327200998 1.0 282
1721327201064 1.0 284
1721327201030 1.0 283
1721327201109 1.0 285
1721327201143 1.0 286
1721327201182 1.0 287
1721327201319 1.0 291
1721327201249 1.0 289
1721327201217 1.0 288
1721327201285 1.0 290
1721327201358 1.0 292
1721327201430 1.0 294
1721327201395 1.0 293
1721327201573 1.0 298
1721327201500 1.0 296
1721327201609 1.0 299
1721327201538 1.0 297
1721327201643 1.0 300
1721327201723 1.0 301
1721327201797 1.0 303
1721327201760 1.0 302
1721327201831 1.0 304
1721327201902 1.0 306
1721327201865 1.0 305
1721327201969 1.0 308
1721327201938 1.0 307
1721327202007 1.0 309
1721327202042 1.0 310
1721327202077 1.0 311
1721327202150 1.0 313
1721327202112 1.0 312
1721327202190 1.0 314
1721327202255 1.0 316
1721327202224 1.0 315
1721327202395 1.0 320
1721327202292 1.0 317
1721327202468 1.0 322
1721327202361 1.0 319
1721327202431 1.0 321
1721327202328 1.0 318
1721327202506 1.0 323
1721327202693 1.0 327
1721327202574 1.0 325
1721327202945 1.0 334
1721327202984 1.0 335
1721327203020 1.0 336
1721327202802 1.0 330
1721327202907 1.0 333
1721327202539 1.0 324
1721327202838 1.0 331
1721327203122 1.0 339
1721327202759 1.0 329
1721327202725 1.0 328
1721327202649 1.0 326
1721327203088 1.0 338
1721327203055 1.0 337
1721327203161 1.0 340
1721327203196 1.0 341
1721327203265 1.0 343
1721327202872 1.0 332
1721327203301 1.0 344
1721327203382 1.0 346
1721327203419 1.0 347
1721327203229 1.0 342
1721327203579 1.0 351
1721327203699 1.0 353
1721327203491 1.0 349
1721327203766 1.0 355
1721327203457 1.0 348
1721327203336 1.0 345
1721327203526 1.0 350
1721327203731 1.0 354
1721327203665 1.0 352
1721327203804 1.0 356
1721327203840 1.0 357
1721327203879 1.0 358
1721327203913 1.0 359
1721327204019 1.0 362
1721327203983 1.0 361
1721327203944 1.0 360
1721327204093 1.0 364
1721327204052 1.0 363
1721327204163 1.0 366
1721327204131 1.0 365
1721327204199 1.0 367
1721327204241 1.0 368
1721327204312 1.0 370
1721327204276 1.0 369
1721327204510 1.0 374
1721327204467 1.0 373
1721327204347 1.0 371
1721327204429 1.0 372
1721327204544 1.0 375
1721327204580 1.0 376
1721327204612 1.0 377
1721327204838 1.0 382
1721327204645 1.0 378
1721327204725 1.0 380
1721327204907 1.0 383
1721327204772 1.0 381
1721327204680 1.0 379
1721327204973 1.0 384
1721327205008 1.0 385
1721327205045 1.0 386
1721327205082 1.0 387
1721327205114 1.0 388
1721327205262 1.0 391
1721327205148 1.0 389
1721327205182 1.0 390
1721327205333 1.0 393
1721327205303 1.0 392
1721327205404 1.0 395
1721327205368 1.0 394
1721327205477 1.0 397
1721327205438 1.0 396
1721327205508 1.0 398
1721327205583 1.0 400
1721327205544 1.0 399
1721327205662 1.0 402
1721327205619 1.0 401
1721327205694 1.0 403
1721327205734 1.0 404
1721327205770 1.0 405
1721327205803 1.0 406
1721327205841 1.0 407
1721327205875 1.0 408
1721327205912 1.0 409
1721327205947 1.0 410
1721327205985 1.0 411
1721327206019 1.0 412
1721327206093 1.0 413
1721327206129 1.0 414
1721327206165 1.0 415
1721327206197 1.0 416
1721327206233 1.0 417
1721327206270 1.0 418
1721327206303 1.0 419
1721327206338 1.0 420
1721327206408 1.0 422
1721327206373 1.0 421
1721327206480 1.0 424
1721327206443 1.0 423
1721327206550 1.0 426
1721327206515 1.0 425
1721327206597 1.0 427
1721327206631 1.0 428
1721327206662 1.0 429
1721327206793 1.0 431
1721327206737 1.0 430
1721327206911 1.0 432
1721327206945 1.0 433
1721327206987 1.0 434
1721327207026 1.0 435
1721327207072 1.0 436
1721327207146 1.0 438
1721327207107 1.0 437
1721327207179 1.0 439
1721327207214 1.0 440
1721327207283 1.0 442
1721327207249 1.0 441
1721327207330 1.0 443
1721327207380 1.0 444
1721327207432 1.0 445
1721327207475 1.0 446
1721327207596 1.0 448
1721327207516 1.0 447
1721327207637 1.0 449
1721327207783 1.0 453
1721327207716 1.0 451
1721327207673 1.0 450
1721327207753 1.0 452
1721327207818 1.0 454
1721327207853 1.0 455
1721327207887 1.0 456
1721327207924 1.0 457
1721327207994 1.0 459
1721327207963 1.0 458
1721327208028 1.0 460
1721327208064 1.0 461
1721327208180 1.0 464
1721327208103 1.0 462
1721327208143 1.0 463
1721327208262 1.0 465
1721327208302 1.0 466
1721327208342 1.0 467
1721327208374 1.0 468
1721327208406 1.0 469
1721327208474 1.0 471
1721327208439 1.0 470
1721327208512 1.0 472
1721327208658 1.0 476
1721327208623 1.0 475
1721327208589 1.0 474
1721327208558 1.0 473
1721327208727 1.0 478
1721327208763 1.0 479
1721327208696 1.0 477
1721327208797 1.0 480
1721327208831 1.0 481
1721327208867 1.0 482
1721327208901 1.0 483
1721327208985 1.0 484
1721327209031 1.0 485
1721327209065 1.0 486
1721327209098 1.0 487
1721327209139 1.0 488
1721327209178 1.0 489
1721327209215 1.0 490
1721327209249 1.0 491
1721327209287 1.0 492
1721327209321 1.0 493
1721327209356 1.0 494
1721327209431 1.0 496
1721327209390 1.0 495
1721327209472 1.0 497
1721327209506 1.0 498
1721327209545 1.0 499
1721327209668 1.0 501
1721327209627 1.0 500
1721327209737 1.0 503
1721327209702 1.0 502
1721327209846 1.0 506
1721327209771 1.0 504
1721327209810 1.0 505
1721327209878 1.0 507
1721327209911 1.0 508
1721327209978 1.0 510
1721327209944 1.0 509
1721327210047 1.0 512
1721327210012 1.0 511
1721327210083 1.0 513
1721327210115 1.0 514
1721327210150 1.0 515
1721327210275 1.0 517
1721327210227 1.0 516
1721327210310 1.0 518
1721327210343 1.0 519
1721327210475 1.0 523
1721327210411 1.0 521
1721327210375 1.0 520
1721327210443 1.0 522
1721327210514 1.0 524
1721327210548 1.0 525
1721327210580 1.0 526
1721327210655 1.0 528
1721327210693 1.0 529
1721327210618 1.0 527
1721327210869 1.0 533
1721327210800 1.0 532
1721327210908 1.0 534
1721327210764 1.0 531
1721327210728 1.0 530
1721327210941 1.0 535
1721327210976 1.0 536
1721327211052 1.0 538
1721327211087 1.0 539
1721327211122 1.0 540
1721327211197 1.0 542
1721327211240 1.0 543
1721327211274 1.0 544
1721327211158 1.0 541
1721327211310 1.0 545
1721327211380 1.0 547
1721327211348 1.0 546
1721327211463 1.0 548
1721327211505 1.0 549
1721327211576 1.0 551
1721327211685 1.0 554
1721327211538 1.0 550
1721327211613 1.0 552
1721327211645 1.0 553
1721327211763 1.0 556
1721327211727 1.0 555
1721327211797 1.0 557
1721327211864 1.0 559
1721327211828 1.0 558
1721327211897 1.0 560
1721327211931 1.0 561
1721327212048 1.0 563
1721327212006 1.0 562
1721327212081 1.0 564
1721327212114 1.0 565
1721327212186 1.0 567
1721327212148 1.0 566
1721327212286 1.0 570
1721327212254 1.0 569
1721327212222 1.0 568
1721327212362 1.0 572
1721327212402 1.0 573
1721327212447 1.0 574
1721327212531 1.0 575
1721327212571 1.0 576
1721327212607 1.0 577
1721327212672 1.0 579
1721327212705 1.0 580
1721327212640 1.0 578
1721327212777 1.0 582
1721327212739 1.0 581
1721327212812 1.0 583
1721327212845 1.0 584
1721327212880 1.0 585
1721327212947 1.0 587
1721327212913 1.0 586
1721327212981 1.0 588
1721327213015 1.0 589
1721327213051 1.0 590
1721327213094 1.0 591
1721327213238 1.0 594
1721327213161 1.0 592
1721327213202 1.0 593
1721327213271 1.0 595
1721327213341 1.0 597
1721327213307 1.0 596
1721327213411 1.0 599
1721327213377 1.0 598
1721327213479 1.0 601
1721327213445 1.0 600
1721327213596 1.0 603
1721327213636 1.0 604
1721327213518 1.0 602
1721327213673 1.0 605
1721327213746 1.0 607
1721327213707 1.0 606
1721327213776 1.0 608
1721327213810 1.0 609
1721327213846 1.0 610
1721327213884 1.0 611
1721327213953 1.0 613
1721327213920 1.0 612
1721327213988 1.0 614
1721327214100 1.0 615
1721327214137 1.0 616
1721327214178 1.0 617
1721327214251 1.0 619
1721327214216 1.0 618
1721327214287 1.0 620
1721327214398 1.0 623
1721327214360 1.0 622
1721327214431 1.0 624
1721327214324 1.0 621
1721327214466 1.0 625
1721327214501 1.0 626
1721327214587 1.0 627
1721327214624 1.0 628
1721327214660 1.0 629
1721327214692 1.0 630
1721327214726 1.0 631
1721327214763 1.0 632
1721327214872 1.0 635
1721327214833 1.0 634
1721327214798 1.0 633
1721327214940 1.0 637
1721327214907 1.0 636
1721327215058 1.0 639
1721327215018 1.0 638
1721327215095 1.0 640
1721327215175 1.0 642
1721327215132 1.0 641
1721327215222 1.0 643
1721327215260 1.0 644
1721327215294 1.0 645
1721327215330 1.0 646
1721327215364 1.0 647
1721327215398 1.0 648
1721327215517 1.0 650
1721327215474 1.0 649
1721327215587 1.0 652
1721327215622 1.0 653
1721327215554 1.0 651
1721327215696 1.0 655
1721327215662 1.0 654
1721327215731 1.0 656
1721327215769 1.0 657
1721327215803 1.0 658
1721327215841 1.0 659
1721327215876 1.0 660
1721327215954 1.0 661
1721327216032 1.0 663
1721327215996 1.0 662
1721327216104 1.0 665
1721327216068 1.0 664
1721327216141 1.0 666
1721327216176 1.0 667
1721327216245 1.0 669
1721327216210 1.0 668
1721327216359 1.0 671
1721327216278 1.0 670
1721327216409 1.0 672
1721327216523 1.0 675
1721327216481 1.0 674
1721327216449 1.0 673
1721327216560 1.0 676
1721327216592 1.0 677
1721327216628 1.0 678
1721327216665 1.0 679
1721327216814 1.0 682
1721327216699 1.0 680
1721327216857 1.0 683
1721327216894 1.0 684
1721327216931 1.0 685
1721327216733 1.0 681
1721327216965 1.0 686
1721327216997 1.0 687
1721327217032 1.0 688
1721327217109 1.0 690
1721327217070 1.0 689
1721327217179 1.0 692
1721327217267 1.0 693
1721327217299 1.0 694
1721327217335 1.0 695
1721327217408 1.0 697
1721327217369 1.0 696
1721327217475 1.0 699
1721327217440 1.0 698
1721327217509 1.0 700
1721327217542 1.0 701
1721327217620 1.0 703
1721327217577 1.0 702
1721327217754 1.0 705
1721327217714 1.0 704
1721327217786 1.0 706
1721327217823 1.0 707
1721327217895 1.0 709
1721327217864 1.0 708
1721327217928 1.0 710
1721327217963 1.0 711
1721327217996 1.0 712
1721327218070 1.0 714
1721327218032 1.0 713
1721327218156 1.0 715
1721327218198 1.0 716
1721327218230 1.0 717
1721327218266 1.0 718
1721327218312 1.0 719
1721327218381 1.0 721
1721327218347 1.0 720
1721327218415 1.0 722
1721327218490 1.0 724
1721327218453 1.0 723
1721327218525 1.0 725
1721327218605 1.0 726
1721327218697 1.0 728
1721327218731 1.0 729
1721327218769 1.0 730
1721327218653 1.0 727
1721327218921 1.0 734
1721327218880 1.0 733
1721327218810 1.0 731
1721327218846 1.0 732
1721327218957 1.0 735
1721327218995 1.0 736
1721327219087 1.0 737
1721327219161 1.0 738
1721327219200 1.0 739
1721327219245 1.0 740
1721327219286 1.0 741
1721327219323 1.0 742
1721327219353 1.0 743
1721327219461 1.0 745
1721327219391 1.0 744
1721327219509 1.0 746
1721327219562 1.0 747
1721327219636 1.0 748
1721327219672 1.0 749
1721327219751 1.0 751
1721327219864 1.0 754
1721327219711 1.0 750
1721327219794 1.0 752
1721327219827 1.0 753
1721327219900 1.0 755
1721327220070 1.0 758
1721327220324 1.0 765
1721327219936 1.0 756
1721327220105 1.0 759
1721327219974 1.0 757
1721327220183 1.0 761
1721327220149 1.0 760
1721327220288 1.0 764
1721327220256 1.0 763
1721327220219 1.0 762
1721327220450 1.0 767
1721327220362 1.0 766
1721327220491 1.0 768
1721327220522 1.0 769
1721327220561 1.0 770
1721327220705 1.0 774
1721327220666 1.0 773
1721327220740 1.0 775
1721327220630 1.0 772
1721327220778 1.0 776
1721327220857 1.0 777
1721327220899 1.0 778
1721327220972 1.0 780
1721327221042 1.0 782
1721327221007 1.0 781
1721327220935 1.0 779
1721327221083 1.0 783
1721327221160 1.0 785
1721327221121 1.0 784
1721327221196 1.0 786
1721327221241 1.0 787
1721327221307 1.0 788
1721327221385 1.0 790
1721327221344 1.0 789
1721327221423 1.0 791
1721327221497 1.0 793
1721327221460 1.0 792
1721327221528 1.0 794
1721327221561 1.0 795
1721327221690 1.0 797
1721327221599 1.0 796
1721327221732 1.0 798
1721327221790 1.0 799
1721327221837 1.0 800
1721327221944 1.0 803
1721327221879 1.0 801
1721327221912 1.0 802
1721327221971 1.0 804
1721327222002 1.0 805
1721327222082 1.0 806
1721327222122 1.0 807
1721327222155 1.0 808
1721327222186 1.0 809
1721327222218 1.0 810
1721327222284 1.0 812
1721327222255 1.0 811
1721327222312 1.0 813
1721327222338 1.0 814
1721327222459 1.0 817
1721327222429 1.0 816
1721327222364 1.0 815
1721327222485 1.0 818
1721327222512 1.0 819
1721327222568 1.0 821
1721327222539 1.0 820
1721327222598 1.0 822
1721327222625 1.0 823
1721327222653 1.0 824
1721327222680 1.0 825
1721327222783 1.0 826
1721327222818 1.0 827
1721327222847 1.0 828
1721327222876 1.0 829
1721327222902 1.0 830
1721327222960 1.0 832
1721327222929 1.0 831
1721327222989 1.0 833
1721327223055 1.0 834
1721327223084 1.0 835
1721327223119 1.0 836
1721327223151 1.0 837
1721327223176 1.0 838
1721327223233 1.0 840
1721327223204 1.0 839
1721327223289 1.0 842
1721327223261 1.0 841
1721327223353 1.0 843
1721327223442 1.0 846
1721327223385 1.0 844
1721327223471 1.0 847
1721327223497 1.0 848
1721327223531 1.0 849
1721327223557 1.0 850
1721327223583 1.0 851
1721327223679 1.0 853
1721327223650 1.0 852
1721327223766 1.0 856
1721327223708 1.0 854
1721327223736 1.0 855
1721327223795 1.0 857
1721327223828 1.0 858
1721327223857 1.0 859
1721327223963 1.0 861
1721327223892 1.0 860
1721327223994 1.0 862
1721327224022 1.0 863
1721327224080 1.0 865
1721327224111 1.0 866
1721327224053 1.0 864
1721327224141 1.0 867
1721327224171 1.0 868
1721327224200 1.0 869
1721327224309 1.0 871
1721327224264 1.0 870
1721327224336 1.0 872
1721327224363 1.0 873
1721327224392 1.0 874
1721327224451 1.0 876
1721327224479 1.0 877
1721327224424 1.0 875
1721327224507 1.0 878
1721327224628 1.0 881
1721327224535 1.0 879
1721327224596 1.0 880
1721327224655 1.0 882
1721327224689 1.0 883
1721327224717 1.0 884
1721327224796 1.0 887
1721327224831 1.0 888
1721327224770 1.0 886
1721327224862 1.0 889
1721327224929 1.0 890
1721327224956 1.0 891
1721327225011 1.0 893
1721327224983 1.0 892
1721327225041 1.0 894
1721327225075 1.0 895
1721327225101 1.0 896
1721327225163 1.0 898
1721327225189 1.0 899
1721327225286 1.0 901
1721327225259 1.0 900
1721327225338 1.0 903
1721327225312 1.0 902
1721327225405 1.0 905
1721327225431 1.0 906
1721327225372 1.0 904
1721327225460 1.0 907
1721327225486 1.0 908
1721327225555 1.0 909
1721327225586 1.0 910
1721327225612 1.0 911
1721327225666 1.0 913
1721327225638 1.0 912
1721327225692 1.0 914
1721327225815 1.0 916
1721327225719 1.0 915
1721327225873 1.0 917
1721327225902 1.0 918
1721327225964 1.0 919
1721327225994 1.0 920
1721327226021 1.0 921
1721327226047 1.0 922
1721327226127 1.0 925
1721327226101 1.0 924
1721327226160 1.0 926
1721327226193 1.0 927
1721327226075 1.0 923
1721327226221 1.0 928
1721327226363 1.0 931
1721327226304 1.0 929
1721327226329 1.0 930
1721327226389 1.0 932
1721327226415 1.0 933
1721327226442 1.0 934
1721327226474 1.0 935
1721327226565 1.0 938
1721327226529 1.0 937
1721327226501 1.0 936
1721327226719 1.0 942
1721327226624 1.0 940
1721327226592 1.0 939
1721327226693 1.0 941
1721327226746 1.0 943
1721327226775 1.0 944
1721327226859 1.0 947
1721327226829 1.0 946
1721327226801 1.0 945
1721327226892 1.0 948
1721327227018 1.0 951
1721327226958 1.0 949
1721327227046 1.0 952
1721327226989 1.0 950
1721327227073 1.0 953
1721327227101 1.0 954
1721327227157 1.0 956
1721327227128 1.0 955
1721327227218 1.0 958
1721327227191 1.0 957
1721327227245 1.0 959
1721327227279 1.0 960
1721327227330 1.0 962
1721327227305 1.0 961
1721327227394 1.0 963
1721327227430 1.0 964
1721327227516 1.0 967
1721327227456 1.0 965
1721327227484 1.0 966
1721327227550 1.0 968
1721327227578 1.0 969
1721327227605 1.0 970
1721327227644 1.0 971
1721327227696 1.0 972
1721327227724 1.0 973
1721327227751 1.0 974
1721327227834 1.0 977
1721327227807 1.0 976
1721327227779 1.0 975
1721327227861 1.0 978
1721327227894 1.0 979
1721327228030 1.0 981
1721327227995 1.0 980
1721327228060 1.0 982
1721327228087 1.0 983
1721327228201 1.0 987
1721327228268 1.0 988
1721327228171 1.0 986
1721327228306 1.0 989
1721327228332 1.0 990
1721327228358 1.0 991
1721327228385 1.0 992
1721327228424 1.0 993
1721327228460 1.0 994
1721327228517 1.0 996
1721327228491 1.0 995
1721327228574 1.0 997
1721327228604 1.0 998
1721327228631 1.0 999
