1721327189124 0.6944453716278076 0
1721327189173 0.6932560801506042 1
1721327189323 0.6908966302871704 3
1721327189399 0.6897268295288086 4
1721327189858 0.6851158142089844 8
1721327189247 0.6920731663703918 2
1721327189657 0.687407374382019 6
1721327189752 0.68625807762146 7
1721327189964 0.6839806437492371 9
1721327189474 0.6885636448860168 5
1721327190168 0.6828528046607971 10
1721327190255 0.6817322969436646 11
1721327190398 0.6795135736465454 13
1721327190507 0.6784156560897827 14
1721327190692 0.676242470741272 16
1721327190601 0.6773251295089722 15
1721327190329 0.6806191802024841 12
1721327190828 0.6741002798080444 18
1721327190758 0.6751675009727478 17
1721327190969 0.6719894409179688 20
1721327190896 0.6730408668518066 19
1721327191157 0.6699099540710449 22
1721327191094 0.6709456443786621 21
1721327191286 0.6678621172904968 24
1721327191355 0.6668500900268555 25
1721327191551 0.6648497581481934 27
1721327191218 0.6688821315765381 23
1721327191423 0.6658459901809692 26
1721327191624 0.6638613939285278 28
1721327191695 0.6628808379173279 29
1721327191767 0.6619081497192383 30
1721327191846 0.6609432697296143 31
1721327192122 0.6580948233604431 34
1721327191972 0.6599860787391663 32
1721327192338 0.6553148031234741 37
1721327192048 0.6590366363525391 33
1721327192192 0.6571606397628784 35
1721327192267 0.6562339067459106 36
1721327192591 0.6526011824607849 40
1721327192457 0.6544029116630554 38
1721327192522 0.6534984111785889 39
1721327192649 0.651711106300354 41
1721327192818 0.6499520540237427 43
1721327192858 0.6490828990936279 44
1721327192999 0.6443950533866882 49
1721327192886 0.6482206583023071 45
1721327192970 0.6454070806503296 48
1721327192912 0.6473649740219116 46
1721327192700 0.6508281230926514 42
1721327192943 0.6464011669158936 47
1721327193028 0.6433700323104858 50
1721327193063 0.642335832118988 51
1721327193121 0.6402518153190613 53
1721327193091 0.6412956118583679 52
1721327193184 0.6381614804267883 55
1721327193153 0.6392064690589905 54
1721327193278 0.6350417733192444 58
1721327193246 0.6360779404640198 57
1721327193216 0.6371182203292847 56
1721327193306 0.6340104341506958 59
1721327193334 0.6329848170280457 60
1721327193364 0.6319653987884521 61
1721327193418 0.6299476027488708 63
1721327193391 0.6309528350830078 62
1721327193531 0.626005232334137 67

1721327193471 0.6279600858688354 65
1721327193497 0.6269785165786743 66
1721327193617 0.6231370568275452 70
1721327193562 0.6250405311584473 68
1721327193589 0.6240844130516052 69
1721327193647 0.6224707365036011 71
1721327193674 0.6220805644989014 72
1721327193700 0.6216632723808289 73
1721327193728 0.6212217211723328 74
1721327193756 0.6207585334777832 75
1721327193782 0.620276153087616 76
1721327193809 0.6197768449783325 77
1721327193892 0.6181955933570862 80
1721327193837 0.6192623972892761 78
1721327193864 0.6187348365783691 79
1721327193926 0.6176462173461914 81
1721327193953 0.6170880794525146 82
1721327193982 0.6165224313735962 83
1721327194010 0.6159500479698181 84
1721327194063 0.6147897243499756 86
1721327194120 0.6136137843132019 88
1721327194090 0.6142033338546753 87
1721327194035 0.6153723001480103 85
1721327194165 0.6130216717720032 89
1721327194192 0.6124275922775269 90
1721327194221 0.6118320226669312 91
1721327194248 0.6112354397773743 92
1721327194301 0.6102978587150574 94
1721327194275 0.6106382608413696 93
1721327194330 0.609931468963623 95
1721327194413 0.608596920967102 98
1721327194357 0.609522819519043 96
1721327194384 0.6090766191482544 97
1721327194439 0.6080875992774963 99
1721327194466 0.6075521111488342 100
1721327194494 0.6069937348365784 101
1721327194521 0.6064152717590332 102
1721327194547 0.6059750318527222 103
1721327194601 0.6051887273788452 105
1721327194574 0.6055911183357239 104
1721327194655 0.6043360233306885 107
1721327194682 0.6038892269134521 108
1721327194628 0.6047697067260742 106
1721327194707 0.6034309267997742 109
1721327194735 0.6029623746871948 110
1721327194761 0.602484941482544 111
1721327194791 0.6019995212554932 112
1721327194818 0.6015128493309021 113
1721327194850 0.6011403203010559 114
1721327194879 0.6007323265075684 115
1721327194931 0.5998252034187317 117
1721327194959 0.5994628667831421 118
1721327194904 0.6002926826477051 116
1721327195018 0.5986879467964172 120
1721327194985 0.599083423614502 119
1721327195046 0.5982781052589417 121
1721327195073 0.5978555679321289 122
1721327195100 0.5974217653274536 123
1721327195189 0.5966412425041199 125
1721327195222 0.596282958984375 126
1721327195127 0.596977949142456 124
1721327195249 0.595890462398529 127
1721327195276 0.5954678058624268 128
1721327195329 0.594659686088562 130
1721327195353 0.594312310218811 131

1721327195379 0.5939475893974304 132
1721327195406 0.593567430973053 133
1721327195432 0.5931734442710876 134
1721327195459 0.5927671790122986 135
1721327195493 0.5923501253128052 136
1721327195524 0.5919955372810364 137
1721327195595 0.5912875533103943 139
1721327195630 0.5908868908882141 140
1721327195560 0.5916582942008972 138
1721327195695 0.5901409983634949 142
1721327195662 0.5904838442802429 141
1721327195767 0.5894080996513367 144
1721327195806 0.5890226364135742 145
1721327195731 0.5897817611694336 143
1721327195845 0.5886654257774353 146
1721327195930 0.5879728198051453 148
1721327195886 0.5883252024650574 147
1721327195962 0.5876057147979736 149
1721327196034 0.5869189500808716 151
1721327195999 0.5872671008110046 150
1721327196073 0.5865424275398254 152
1721327196109 0.5861964821815491 153
1721327196211 0.5851871371269226 156
1721327196143 0.585861325263977 154
1721327196177 0.5855019092559814 155
1721327196249 0.5848565101623535 157
1721327196283 0.5845099687576294 158
1721327196368 0.584149181842804 159
1721327196478 0.5831347107887268 162
1721327196446 0.5834912061691284 161
1721327196402 0.5838170051574707 160
1721327196558 0.5824890732765198 164
1721327196523 0.5828073024749756 163
1721327196591 0.5821542739868164 165
1721327196658 0.58147132396698 167
1721327196626 0.581804633140564 166
1721327196695 0.581151008605957 168
1721327196732 0.5808002948760986 169
1721327196893 0.5798680782318115 172
1721327196775 0.5805032253265381 170
1721327196811 0.5801941156387329 171
1721327196972 0.5791721940040588 174
1721327196934 0.5795269012451172 173
1721327197018 0.5789064168930054 175
1721327197086 0.5782805681228638 177
1721327197051 0.5786094069480896 176
1721327197155 0.577589750289917 179
1721327197120 0.5779232382774353 178
1721327197189 0.5772987008094788 180
1721327197223 0.576989471912384 181
1721327197259 0.5766640305519104 182
1721327197293 0.576323926448822 183
1721327197326 0.5760160684585571 184
1721327197360 0.5757200121879578 185
1721327197425 0.5750634074211121 187
1721327197393 0.5753930807113647 186
1721327197459 0.5747648477554321 188
1721327197492 0.5744494199752808 189
1721327197525 0.5741274356842041 190
1721327197561 0.5738146305084229 191
1721327197596 0.5735303163528442 192
1721327197628 0.573229193687439 193
1721327197667 0.5729116201400757 194
1721327197700 0.5725958943367004 195
1721327197778 0.5719887018203735 197
1721327197737 0.5722928643226624 196
1721327197833 0.5716869831085205 198
1721327197880 0.571370005607605 199
1721327197949 0.5707650184631348 201
1721327197913 0.5710754990577698 200
1721327198026 0.5701934099197388 203
1721327197988 0.5704950094223022 202
1721327198058 0.569862961769104 204
1721327198093 0.5696040391921997 205
1721327198160 0.5690306425094604 207
1721327198127 0.5693265199661255 206
1721327198195 0.5687183737754822 208
1721327198338 0.5680973529815674 210
1721327198303 0.5683912038803101 209
1721327198373 0.5678223967552185 211
1721327198405 0.5675163269042969 212
1721327198439 0.5671823620796204 213
1721327198474 0.5669339895248413 214
1721327198647 0.5654202699661255 219
1721327198546 0.5663781762123108 216
1721327198509 0.5666655898094177 215
1721327198578 0.5660736560821533 217
1721327198612 0.5657538175582886 218
1721327198684 0.5651853084564209 220
1721327198756 0.5646343231201172 222
1721327198720 0.5649259686470032 221
1721327198825 0.5639673471450806 224
1721327198788 0.5643137693405151 223
1721327198900 0.5634568929672241 226
1721327198935 0.563182532787323 227
1721327198861 0.5637109279632568 225
1721327199004 0.5625810623168945 229
1721327199070 0.5619206428527832 231
1721327198968 0.5628899335861206 228
1721327199038 0.5622574090957642 230
1721327199104 0.5617076754570007 232
1721327199139 0.5614591836929321 233
1721327199214 0.5608667135238647 235
1721327199176 0.5611777305603027 234
1721327199310 0.5602016448974609 237
1721327199250 0.560529351234436 236
1721327199349 0.5599470138549805 238
1721327199450 0.5590705871582031 241
1721327199416 0.5593795776367188 240
1721327199383 0.5596722364425659 239
1721327199484 0.5587506890296936 242
1721327199519 0.5584770441055298 243
1721327199592 0.5581750869750977 244
1721327199631 0.5578935146331787 245
1721327199662 0.5576131939888 246
1721327199696 0.5573251843452454 247
1721327199767 0.5567426085472107 249
1721327199733 0.5570365786552429 248
1721327199801 0.556480884552002 250
1721327199839 0.5562023520469666 251
1721327199874 0.5559061169624329 252
1721327199909 0.5555993318557739 253
1721327199978 0.5550419688224792 255
1721327199942 0.5553149580955505 254
1721327200049 0.5544571280479431 257
1721327200117 0.5539227724075317 259
1721327200013 0.5547581315040588 256
1721327200082 0.5542014241218567 258
1721327200191 0.5533332824707031 261
1721327200155 0.5536147356033325 260
1721327200226 0.5530645847320557 262
1721327200262 0.5527772307395935 263
1721327200296 0.5524730682373047 264
1721327200331 0.5521860718727112 265
1721327200410 0.551606297492981 267
1721327200367 0.5519109964370728 266
1721327200445 0.5513390898704529 268
1721327200482 0.5510683059692383 269
1721327200521 0.5507791042327881 270
1721327200556 0.550473153591156 271
1721327200634 0.5501892566680908 272
1721327200706 0.5496124029159546 274
1721327200673 0.5499157905578613 273
1721327200743 0.5493330955505371 275
1721327200789 0.549061119556427 276
1721327200862 0.5484634637832642 278
1721327200928 0.5479263663291931 280
1721327200825 0.5487706065177917 277
1721327200964 0.5476232171058655 281
1721327200998 0.5473189949989319 282
1721327201064 0.5467543601989746 284
1721327201030 0.5470459461212158 283
1721327201143 0.5461622476577759 286
1721327201109 0.5464497804641724 285
1721327201182 0.5458908677101135 287
1721327201319 0.5447539687156677 291
1721327201249 0.5453261137008667 289
1721327201217 0.5455918908119202 288
1721327201285 0.5450491309165955 290
1721327201358 0.5444424152374268 292
1721327201430 0.5439208745956421 294
1721327201395 0.5441926121711731 293
1721327201500 0.5432889461517334 296
1721327201465 0.5436186194419861 295
1721327201609 0.5425056219100952 299
1721327201538 0.5430450439453125 297
1721327201643 0.5422078371047974 300
1721327201723 0.541893720626831 301
1721327201797 0.5413155555725098 303
1721327201760 0.54156494140625 302
1721327201831 0.5410585403442383 304
1721327201969 0.5398712158203125 308
1721327201902 0.5404506921768188 306
1721327201938 0.5401062369346619 307
1721327201865 0.540769100189209 305
1721327202007 0.5396174192428589 309
1721327202042 0.5393428802490234 310
1721327202077 0.5390493869781494 311
1721327202112 0.5387389659881592 312
1721327202150 0.5384132862091064 313
1721327202190 0.5380738973617554 314
1721327202255 0.537592887878418 316
1721327202224 0.5378437638282776 315
1721327202468 0.5357900261878967 322
1721327202361 0.5366531014442444 319
1721327202395 0.5363308191299438 320
1721327202506 0.535490870475769 323
1721327202431 0.5360706448554993 321
1721327202328 0.5369943976402283 318
1721327202292 0.5373086929321289 317
1721327202574 0.5348442792892456 325
1721327202945 0.5322993397712708 334
1721327202984 0.5319846868515015 335
1721327202802 0.5333693623542786 330
1721327202907 0.5325968265533447 333
1721327202539 0.535175085067749 324
1721327202838 0.533132791519165 331
1721327202693 0.534346878528595 327
1721327203020 0.5316547155380249 336
1721327202759 0.5337224006652832 329
1721327202725 0.5340491533279419 328
1721327202649 0.534612238407135 326
1721327203088 0.5310457348823547 338
1721327203122 0.5307876467704773 339
1721327203055 0.5313107967376709 337
1721327203161 0.5304960012435913 340
1721327203196 0.5302057266235352 341
1721327203265 0.5295943021774292 343
1721327202872 0.5328754186630249 332
1721327203301 0.5293619632720947 344
1721327203382 0.5288283228874207 346
1721327203229 0.5298298001289368 342
1721327203419 0.5285316109657288 347
1721327203579 0.527329683303833 351
1721327203491 0.5279343724250793 349
1721327203336 0.5291058421134949 345
1721327203526 0.5276378393173218 350
1721327203457 0.528218150138855 348
1721327203766 0.5261036157608032 355
1721327203699 0.5266932249069214 353
1721327203731 0.5263763070106506 354
1721327203665 0.5270110368728638 352
1721327203804 0.5258477926254272 356
1721327203840 0.5255573391914368 357
1721327203879 0.525235652923584 358
1721327203944 0.5246688723564148 360
1721327203913 0.524938702583313 359
1721327203983 0.5244110226631165 361
1721327204052 0.5237578749656677 363
1721327204019 0.5240768790245056 362
1721327204093 0.5235320329666138 364
1721327204163 0.5228819847106934 366
1721327204131 0.5232491493225098 365
1721327204199 0.5226468443870544 367
1721327204312 0.5218156576156616 370
1721327204510 0.520651638507843 374
1721327204467 0.5208785533905029 373
1721327204241 0.5223879814147949 368
1721327204347 0.5214971303939819 371
1721327204276 0.5221074223518372 369
1721327204429 0.5211718082427979 372
1721327204544 0.520325779914856 375
1721327204580 0.5200121402740479 376
1721327204612 0.5197486877441406 377
1721327204838 0.5182618498802185 382
1721327204645 0.5194638967514038 378
1721327204725 0.5188518762588501 380
1721327204907 0.5179637670516968 383
1721327204772 0.5185617208480835 381
1721327204680 0.5191597938537598 379
1721327204973 0.5176576375961304 384
1721327205008 0.5173537731170654 385
1721327205045 0.5170506238937378 386
1721327205082 0.5167509317398071 387
1721327205114 0.5164492130279541 388
1721327205148 0.5161550641059875 389
1721327205262 0.5155753493309021 391
1721327205182 0.5158647298812866 390
1721327205333 0.5150065422058105 393
1721327205303 0.5152952671051025 392
1721327205404 0.5143969058990479 395
1721327205368 0.514708399772644 394
1721327205477 0.513780951499939 397
1721327205438 0.5140978693962097 396
1721327205508 0.5134512186050415 398
1721327205583 0.5128487348556519 400
1721327205544 0.5131611824035645 399
1721327205662 0.5122649073600769 402
1721327205619 0.5125857591629028 401
1721327205694 0.511946976184845 403
1721327205734 0.5116497874259949 404
1721327205770 0.5113534331321716 405
1721327205803 0.511039674282074 406
1721327205841 0.510751485824585 407
1721327205875 0.5104531049728394 408
1721327205912 0.5101585984230042 409
1721327205947 0.509844958782196 410
1721327205985 0.5095292925834656 411
1721327206019 0.5092485547065735 412
1721327206129 0.508602499961853 414
1721327206233 0.5077161192893982 417
1721327206197 0.5080099105834961 416
1721327206165 0.5083234310150146 415
1721327206303 0.5071035623550415 419
1721327206270 0.5074193477630615 418
1721327206338 0.5067792534828186 420
1721327206408 0.5061513781547546 422
1721327206373 0.5065042972564697 421
1721327206480 0.5055528283119202 424
1721327206443 0.5058424472808838 423
1721327206515 0.5052279233932495 425
1721327206550 0.5049260258674622 426
1721327206597 0.5046723484992981 427
1721327206662 0.5040068030357361 429
1721327206631 0.5043067336082458 428
1721327206793 0.5033790469169617 431
1721327206737 0.5037265419960022 430
1721327206911 0.5030678510665894 432
1721327206945 0.5027576684951782 433
1721327206987 0.5024388432502747 434
1721327207026 0.5021230578422546 435
1721327207072 0.5018184781074524 436
1721327207146 0.5012162327766418 438
1721327207179 0.500884473323822 439
1721327207107 0.5014950037002563 437
1721327207283 0.49997711181640625 442
1721327207214 0.5005666017532349 440
1721327207249 0.500268280506134 441
1721327207330 0.49966564774513245 443
1721327207380 0.4993359446525574 444
1721327207432 0.49901270866394043 445
1721327207475 0.49870526790618896 446
1721327207596 0.49804359674453735 448
1721327207516 0.49836280941963196 447
1721327207637 0.4977220296859741 449
1721327207783 0.49648457765579224 453
1721327207716 0.49709799885749817 451
1721327207673 0.49746203422546387 450
1721327207753 0.49679166078567505 452
1721327207818 0.49615854024887085 454
1721327207853 0.49582722783088684 455
1721327207887 0.49550050497055054 456
1721327207924 0.49519574642181396 457
1721327207994 0.49455973505973816 459
1721327207963 0.49487772583961487 458
1721327208028 0.4942547380924225 460
1721327208064 0.49391382932662964 461
1721327208180 0.49294883012771606 464
1721327208103 0.4936007261276245 462
1721327208143 0.49327006936073303 463
1721327208262 0.4926568865776062 465
1721327208302 0.49231141805648804 466
1721327208374 0.4916873872280121 468
1721327208342 0.491992712020874 467
1721327208406 0.49134644865989685 469
1721327208474 0.49073654413223267 471
1721327208439 0.4910460412502289 470
1721327208512 0.4904080629348755 472
1721327208658 0.4890885353088379 476
1721327208623 0.4894212782382965 475
1721327208589 0.48975640535354614 474
1721327208558 0.4900679886341095 473
1721327208727 0.4884416460990906 478
1721327208763 0.4881203770637512 479
1721327208696 0.48876720666885376 477
1721327208797 0.4877886474132538 480
1721327208831 0.4874878525733948 481
1721327208867 0.487150639295578 482
1721327208985 0.4865166246891022 484
1721327209031 0.48618248105049133 485
1721327209065 0.4858381748199463 486
1721327208901 0.4868318736553192 483
1721327209098 0.48555177450180054 487
1721327209139 0.4851752519607544 488
1721327209215 0.4845314621925354 490
1721327209178 0.48484790325164795 489
1721327209249 0.4842005968093872 491
1721327209287 0.4838896691799164 492
1721327209321 0.48357802629470825 493
1721327209356 0.48324698209762573 494
1721327209431 0.48259902000427246 496
1721327209390 0.48292839527130127 495
1721327209472 0.482271283864975 497
1721327209506 0.481904000043869 498
1721327209545 0.48159682750701904 499
1721327209668 0.4809389114379883 501
1721327209627 0.48127448558807373 500
1721327209737 0.48030388355255127 503
1721327209702 0.48062458634376526 502
1721327209846 0.47928816080093384 506
1721327209771 0.47995680570602417 504
1721327209810 0.4796299338340759 505
1721327209878 0.4789615273475647 507
1721327209911 0.4786195755004883 508
1721327209978 0.4779621362686157 510
1721327209944 0.4782812297344208 509
1721327210047 0.4773021340370178 512
1721327210012 0.4776240587234497 511
1721327210083 0.4769710302352905 513
1721327210115 0.4766470491886139 514
1721327210150 0.4763075113296509 515
1721327210275 0.47560742497444153 517
1721327210227 0.4759538471698761 516
1721327210310 0.4753095507621765 518
1721327210343 0.47496217489242554 519
1721327210475 0.4736299514770508 523
1721327210411 0.4743152856826782 521
1721327210375 0.4746357202529907 520
1721327210443 0.4739755392074585 522
1721327210514 0.47328388690948486 524
1721327210548 0.47296956181526184 525
1721327210580 0.47263526916503906 526
1721327210655 0.4719354510307312 528
1721327210693 0.4716278314590454 529
1721327210618 0.47229456901550293 527
1721327210869 0.47026607394218445 533
1721327210800 0.47061824798583984 532
1721327210908 0.4699525237083435 534
1721327210728 0.4712674021720886 530
1721327210764 0.4709523022174835 531
1721327210941 0.4696139693260193 535
1721327210976 0.4692935347557068 536
1721327211019 0.46893900632858276 537
1721327211052 0.46864187717437744 538
1721327211087 0.46832337975502014 539
1721327211122 0.467985063791275 540
1721327211197 0.46730828285217285 542
1721327211274 0.46660906076431274 544
1721327211240 0.46697375178337097 543
1721327211158 0.4676375389099121 541
1721327211380 0.4655924439430237 547
1721327211310 0.4662754237651825 545
1721327211348 0.4659239947795868 546
1721327211505 0.4649079442024231 549
1721327211463 0.46524274349212646 548
1721327211685 0.4632352292537689 554
1721327211538 0.4645458459854126 550
1721327211576 0.4642089009284973 551
1721327211613 0.4638659358024597 552
1721327211645 0.463520884513855 553
1721327211763 0.46248286962509155 556
1721327211727 0.4628675878047943 555
1721327211797 0.4621540606021881 557
1721327211864 0.46151256561279297 559
1721327211897 0.46118640899658203 560
1721327211828 0.46181872487068176 558
1721327211931 0.4608405828475952 561
1721327212048 0.46014490723609924 563
1721327212006 0.4604771137237549 562
1721327212081 0.4597833752632141 564
1721327212114 0.45944201946258545 565
1721327212148 0.459103524684906 566
1721327212186 0.4587465822696686 567
1721327212254 0.4580462574958801 569
1721327212286 0.45773351192474365 570
1721327212222 0.45842117071151733 568
1721327212362 0.45706743001937866 572
1721327212323 0.4573875069618225 571
1721327212402 0.4567270278930664 573
1721327212447 0.4564274549484253 574
1721327212531 0.45608243346214294 575
1721327212571 0.45571285486221313 576
1721327212607 0.4553740620613098 577
1721327212672 0.4546658992767334 579
1721327212705 0.4542979896068573 580
1721327212640 0.4550165832042694 578
1721327212777 0.4536097049713135 582
1721327212739 0.45395997166633606 581
1721327212812 0.4533141255378723 583
1721327212845 0.4529708921909332 584
1721327212880 0.45260077714920044 585
1721327212913 0.452306866645813 586

1721327213015 0.4512332081794739 589
1721327212981 0.4515663683414459 588
1721327213051 0.4508807063102722 590
1721327213094 0.45055365562438965 591
1721327213238 0.4494866728782654 594
1721327213161 0.4502044916152954 592
1721327213202 0.4498347043991089 593
1721327213271 0.4491206407546997 595
1721327213341 0.4484167993068695 597
1721327213307 0.4488005042076111 596
1721327213411 0.4477384686470032 599
1721327213377 0.44807761907577515 598
1721327213479 0.44708871841430664 601
1721327213445 0.44741857051849365 600
1721327213596 0.44637739658355713 603
1721327213636 0.44602170586586 604
1721327213518 0.4467410445213318 602
1721327213673 0.4457091689109802 605
1721327213746 0.4449939727783203 607
1721327213707 0.4453545808792114 606
1721327213810 0.4443257451057434 609
1721327213776 0.4446503818035126 608
1721327213846 0.4439299702644348 610
1721327213884 0.4436432123184204 611
1721327213920 0.44331565499305725 612
1721327213953 0.44294145703315735 613
1721327213988 0.4426169991493225 614
1721327214100 0.442292720079422 615
1721327214137 0.4419475793838501 616
1721327214178 0.44158363342285156 617
1721327214216 0.44124090671539307 618
1721327214251 0.44089174270629883 619
1721327214360 0.4397560954093933 622
1721327214287 0.4405261278152466 620
1721327214398 0.4394872486591339 623
1721327214431 0.43913912773132324 624
1721327214324 0.4401947259902954 621
1721327214466 0.43873488903045654 625
1721327214501 0.4384390115737915 626
1721327214587 0.4381036162376404 627
1721327214624 0.43772995471954346 628
1721327214660 0.4373916983604431 629
1721327214692 0.43703383207321167 630
1721327214726 0.4367012679576874 631
1721327214763 0.43633174896240234 632
1721327214833 0.4356405735015869 634
1721327214872 0.43526512384414673 635
1721327214798 0.4359704256057739 633
1721327214940 0.43455493450164795 637
1721327214907 0.43489569425582886 636
1721327215058 0.4338560402393341 639
1721327215018 0.4342571496963501 638
1721327215095 0.4335339069366455 640
1721327215132 0.43320223689079285 641
1721327215175 0.4328502416610718 642
1721327215222 0.4324798583984375 643
1721327215260 0.4321288466453552 644
1721327215294 0.4318101406097412 645
1721327215330 0.4314146339893341 646
1721327215364 0.43109750747680664 647
1721327215398 0.4307839870452881 648
1721327215517 0.430092453956604 650
1721327215587 0.4293507933616638 652
1721327215474 0.4304482340812683 649
1721327215622 0.42897024750709534 653
1721327215554 0.4297664761543274 651
1721327215696 0.4282612204551697 655
1721327215662 0.4286389946937561 654
1721327215731 0.4279300272464752 656
1721327215803 0.4272381663322449 658
1721327215769 0.4275795519351959 657
1721327215841 0.42690157890319824 659
1721327215876 0.4265558123588562 660
1721327216032 0.42549213767051697 663
1721327215954 0.42619240283966064 661
1721327216104 0.42482060194015503 665
1721327215996 0.42583179473876953 662
1721327216068 0.4251669645309448 664
1721327216141 0.42445510625839233 666
1721327216210 0.4237877428531647 668
1721327216245 0.4233926832675934 669
1721327216176 0.42411813139915466 667
1721327216278 0.42305225133895874 670
1721327216359 0.4226920008659363 671
1721327216409 0.4223654270172119 672
1721327216449 0.4220160245895386 673
1721327216523 0.4213053584098816 675
1721327216481 0.4216423034667969 674
1721327216560 0.4209573566913605 676
1721327216628 0.4202477037906647 678
1721327216592 0.42061150074005127 677
1721327216665 0.41990506649017334 679
1721327216814 0.41886433959007263 682
1721327216699 0.4195387065410614 680
1721327216857 0.4185236096382141 683
1721327216894 0.4182010293006897 684
1721327216733 0.4191834330558777 681
1721327216931 0.41780829429626465 685
1721327216997 0.4171503186225891 687
1721327216965 0.41744112968444824 686
1721327217032 0.4167531728744507 688
1721327217070 0.41641736030578613 689
1721327217144 0.4157539904117584 691
1721327217109 0.41609281301498413 690
1721327217179 0.41539499163627625 692
1721327217267 0.4150177538394928 693
1721327217299 0.41467970609664917 694
1721327217335 0.41432905197143555 695
1721327217408 0.4136243164539337 697
1721327217369 0.4139585793018341 696
1721327217475 0.4129101634025574 699
1721327217440 0.4132692813873291 698
1721327217509 0.41257205605506897 700
1721327217620 0.4115404784679413 703
1721327217542 0.41223379969596863 701
1721327217577 0.4118973910808563 702
1721327217754 0.41086456179618835 705
1721327217714 0.4111650586128235 704
1721327217786 0.4105501174926758 706
1721327217823 0.4101477861404419 707
1721327217895 0.40947046875953674 709
1721327217928 0.40911829471588135 710
1721327217864 0.40980157256126404 708
1721327217996 0.4084172248840332 712
1721327217963 0.4087923765182495 711
1721327218032 0.4080992341041565 713
1721327218070 0.4077531397342682 714
1721327218156 0.40743789076805115 715
1721327218198 0.40714019536972046 716
1721327218230 0.4067586064338684 717
1721327218266 0.40646278858184814 718
1721327218381 0.40541255474090576 721
1721327218312 0.4062004089355469 719
1721327218347 0.4057805836200714 720
1721327218453 0.4047420024871826 723
1721327218490 0.40444496273994446 724
1721327218415 0.4051099419593811 722
1721327218525 0.4041064977645874 725
1721327218605 0.40376368165016174 726
1721327218697 0.40315407514572144 728
1721327218731 0.40278902649879456 729
1721327218653 0.4034879505634308 727
1721327218769 0.40252482891082764 730
1721327218880 0.4015377461910248 733
1721327218921 0.40120136737823486 734
1721327218810 0.40220096707344055 731
1721327218957 0.40087002515792847 735
1721327218846 0.4018593430519104 732
1721327218995 0.4005449414253235 736
1721327219087 0.40020298957824707 737
1721327219161 0.3999275863170624 738
1721327219200 0.39955320954322815 739
1721327219245 0.39922207593917847 740
1721327219323 0.3986791670322418 742
1721327219286 0.39899593591690063 741
1721327219353 0.3982735276222229 743
1721327219461 0.39774882793426514 745
1721327219391 0.39801767468452454 744
1721327219509 0.39741262793540955 746
1721327219562 0.39697152376174927 747
1721327219636 0.3966211974620819 748
1721327219672 0.3963385224342346 749
1721327219794 0.3953467011451721 752
1721327219864 0.39475762844085693 754
1721327219827 0.3951088786125183 753
1721327219711 0.39598071575164795 750
1721327219751 0.3956659138202667 751
1721327220070 0.3934260606765747 758
1721327219900 0.39441537857055664 755
1721327220324 0.3911536633968353 765
1721327219936 0.3941085934638977 756
1721327220105 0.39305490255355835 759
1721327219974 0.3937780261039734 757
1721327220183 0.39244359731674194 761
1721327220149 0.3927718997001648 760
1721327220256 0.39177337288856506 763
1721327220288 0.3914547264575958 764
1721327220219 0.3921048641204834 762
1721327220450 0.3905308246612549 767
1721327220362 0.39082521200180054 766
1721327220491 0.39020127058029175 768
1721327220522 0.38988158106803894 769
1721327220561 0.3895481824874878 770
1721327220593 0.3892696797847748 771
1721327220705 0.38822364807128906 774
1721327220666 0.3886043429374695 773
1721327220740 0.3878907859325409 775
1721327220630 0.38896429538726807 772
1721327220778 0.3876044750213623 776
1721327220857 0.38725703954696655 777
1721327220899 0.38685348629951477 778
1721327220972 0.3863023519515991 780
1721327221042 0.38563549518585205 782
1721327221007 0.38592153787612915 781
1721327220935 0.3866428732872009 779
1721327221083 0.3853321075439453 783
1721327221160 0.38469240069389343 785
1721327221121 0.3850095868110657 784
1721327221196 0.38434088230133057 786
1721327221241 0.383993536233902 787
1721327221307 0.38369280099868774 788
1721327221385 0.3830382525920868 790
1721327221344 0.3833649456501007 789
1721327221497 0.38211166858673096 793
1721327221423 0.382722944021225 791
1721327221460 0.3824487328529358 792
1721327221528 0.3817301392555237 794
1721327221561 0.38143110275268555 795
1721327221690 0.38075417280197144 797
1721327221599 0.3811468780040741 796
1721327221732 0.38049572706222534 798
1721327221790 0.380215585231781 799
1721327221879 0.37954777479171753 801
1721327221837 0.37985432147979736 800
1721327221912 0.3792574405670166 802
1721327221944 0.37889739871025085 803
1721327222155 0.3772519826889038 808

1721327222002 0.37821662425994873 805
1721327221971 0.37855264544487 804
1721327222122 0.3775893747806549 807
1721327222186 0.3769550323486328 809
1721327222218 0.3766607344150543 810
1721327222284 0.3760482370853424 812
1721327222255 0.37632063031196594 811
1721327222312 0.3757071793079376 813
1721327222338 0.37535548210144043 814
1721327222459 0.37438568472862244 817
1721327222429 0.37475961446762085 816
1721327222485 0.374072790145874 818
1721327222364 0.37511152029037476 815
1721327222512 0.37378692626953125 819
1721327222539 0.37343859672546387 820
1721327222568 0.3731161952018738 821
1721327222598 0.37284666299819946 822
1721327222625 0.37249404191970825 823
1721327222680 0.37186479568481445 825
1721327222653 0.3721775710582733 824
1721327222783 0.3715393841266632 826
1721327222818 0.3711922764778137 827
1721327222847 0.3709442615509033 828
1721327222876 0.3706033229827881 829
1721327222902 0.3702253997325897 830
1721327222960 0.36957770586013794 832
1721327222929 0.36993536353111267 831
1721327222989 0.36933326721191406 833
1721327223055 0.36899739503860474 834
1721327223119 0.36835595965385437 836
1721327223084 0.3686668276786804 835
1721327223151 0.36804595589637756 837
1721327223176 0.3677002787590027 838
1721327223204 0.3674434423446655 839
1721327223233 0.36713311076164246 840
1721327223353 0.36618784070014954 843
1721327223289 0.3664948344230652 842
1721327223261 0.36679306626319885 841
1721327223385 0.36586037278175354 844
1721327223411 0.3655484616756439 845
1721327223442 0.36521193385124207 846
1721327223471 0.3649146854877472 847
1721327223497 0.36459675431251526 848
1721327223531 0.364275187253952 849
1721327223557 0.36394202709198 850
1721327223583 0.36366888880729675 851
1721327223679 0.363017737865448 853
1721327223650 0.3633643090724945 852
1721327223766 0.36206257343292236 856
1721327223708 0.36271631717681885 854
1721327223736 0.362386018037796 855
1721327223795 0.3617382049560547 857
1721327223828 0.3614048957824707 858
1721327223857 0.36114364862442017 859
1721327223963 0.36048805713653564 861
1721327223892 0.36083805561065674 860
1721327223994 0.3601890206336975 862
1721327224022 0.35995203256607056 863
1721327224080 0.35929957032203674 865
1721327224053 0.3596514165401459 864
1721327224141 0.35865405201911926 867
1721327224111 0.3589915335178375 866
1721327224171 0.3582874536514282 868
1721327224200 0.35811159014701843 869
1721327224309 0.3573940396308899 871
1721327224264 0.35781198740005493 870
1721327224336 0.3570671081542969 872
1721327224363 0.3568113148212433 873
1721327224392 0.35655587911605835 874
1721327224451 0.35595375299453735 876
1721327224479 0.35563522577285767 877
1721327224424 0.35624366998672485 875
1721327224507 0.3552689850330353 878
1721327224628 0.354314923286438 881
1721327224596 0.3545810580253601 880
1721327224535 0.35493531823158264 879
1721327224655 0.354042112827301 882
1721327224689 0.35364973545074463 883
1721327224717 0.35339638590812683 884
1721327224796 0.35255539417266846 887
1721327224831 0.3522014319896698 888

1721327224770 0.3528438210487366 886
1721327224862 0.35188814997673035 889
1721327224956 0.35120201110839844 891
1721327225011 0.35058799386024475 893
1721327224983 0.35085952281951904 892
1721327225041 0.3502444922924042 894
1721327225128 0.34936872124671936 897
1721327225075 0.34994617104530334 895
1721327225101 0.3496831953525543 896
1721327225163 0.34908223152160645 898
1721327225286 0.34817588329315186 901
1721327225189 0.34874585270881653 899
1721327225259 0.3484649360179901 900
1721327225338 0.3475100100040436 903
1721327225312 0.3478694558143616 902
1721327225405 0.34689703583717346 905
1721327225372 0.3471994400024414 904
1721327225431 0.34658509492874146 906
1721327225460 0.3463241457939148 907
1721327225486 0.34599119424819946 908
1721327225555 0.3457013964653015 909
1721327225586 0.3454245924949646 910
1721327225612 0.3450828194618225 911
1721327225666 0.34449341893196106 913
1721327225815 0.3435879945755005 916

1721327225692 0.3441654443740845 914
1721327225719 0.343850314617157 915
1721327225902 0.3429412245750427 918
1721327225873 0.34328436851501465 917
1721327225964 0.34266752004623413 919
1721327225994 0.3424167037010193 920
1721327226047 0.3417530655860901 922
1721327226021 0.3420749306678772 921
1721327226127 0.3408956825733185 925
1721327226101 0.3411446213722229 924
1721327226160 0.34056398272514343 926
1721327226221 0.3399431109428406 928
1721327226193 0.34020477533340454 927
1721327226075 0.3414241671562195 923
1721327226304 0.33964115381240845 929
1721327226329 0.3393067717552185 930
1721327226363 0.3390434682369232 931
1721327226389 0.3387623429298401 932
1721327226415 0.3384058177471161 933
1721327226442 0.33810144662857056 934
1721327226565 0.33692991733551025 938
1721327226474 0.33786460757255554 935
1721327226501 0.3375610113143921 936
1721327226529 0.337200790643692 937
1721327226624 0.33632156252861023 940
1721327226592 0.33664196729660034 939
1721327226719 0.3357262909412384 942
1721327226693 0.3359978497028351 941
1721327226746 0.3354008197784424 943
1721327226859 0.3342542052268982 947
1721327226775 0.3351019620895386 944
1721327226829 0.3345775902271271 946
1721327226801 0.33485084772109985 945
1721327226892 0.33393773436546326 948
1721327226958 0.33367595076560974 949
1721327227018 0.3330335021018982 951
1721327226989 0.33335381746292114 950
1721327227046 0.33272457122802734 952
1721327227101 0.3321409821510315 954
1721327227073 0.33244746923446655 953
1721327227128 0.3318951427936554 955
1721327227218 0.3309365510940552 958
1721327227157 0.3316137194633484 956
1721327227191 0.331275075674057 957
1721327227245 0.33066433668136597 959
1721327227279 0.3303676247596741 960
1721327227330 0.329748272895813 962
1721327227305 0.3300388753414154 961
1721327227394 0.32950514554977417 963
1721327227430 0.3292084336280823 964
1721327227516 0.3282916247844696 967
1721327227456 0.32885444164276123 965
1721327227484 0.328584223985672 966
1721327227550 0.32796478271484375 968
1721327227578 0.327705442905426 969
1721327227605 0.3274388611316681 970
1721327227644 0.3271244168281555 971
1721327227696 0.3268006443977356 972
1721327227724 0.3265658915042877 973
1721327227751 0.3262788951396942 974
1721327227807 0.32560819387435913 976
1721327227834 0.3253614604473114 977
1721327227779 0.32594314217567444 975
1721327227861 0.32505059242248535 978
1721327228030 0.32422035932540894 981
1721327227995 0.324485719203949 980
1721327228060 0.3239041268825531 982
1721327228087 0.323559045791626 983
1721327228114 0.32330191135406494 984
1721327228268 0.32213202118873596 988
1721327228141 0.3229912519454956 985
1721327228171 0.322715163230896 986
1721327228201 0.3224072754383087 987
1721327228306 0.3218661844730377 989
1721327228332 0.32157397270202637 990
1721327228358 0.32128968834877014 991
1721327228385 0.3209872543811798 992
1721327228424 0.3206929564476013 993
1721327228460 0.3203836679458618 994
1721327228517 0.31983163952827454 996
1721327228491 0.32016196846961975 995
1721327228574 0.3195257782936096 997
1721327228604 0.3192240297794342 998
1721327228631 0.31895992159843445 999
