1721321883185 0.5 0
1721321883227 0.25 1
1721321883300 0.25 2
1721321883367 0.25 3
1721321883546 0.25 5
1721321883430 0.25 4
1721321883614 0.25 6
1721321883712 0.25 7
1721321883799 0.25 8
1721321883898 0.25 9
1721321884045 0.25 10
1721321884122 0.25 11
1721321884184 0.25 12
1721321884326 0.25 14
1721321884252 0.25 13
1721321884396 0.25 15
1721321884515 0.25 17
1721321884581 0.25 18
1721321884456 0.25 16
1721321884650 0.25 19
1721321884715 0.25 20
1721321884786 0.25 21
1721321885005 0.25 23
1721321884878 0.25 22
1721321885072 0.25 24
1721321885211 0.25 26
1721321885140 0.25 25
1721321885277 0.25 27
1721321885347 0.25 28
1721321885414 0.25 29
1721321885482 0.25 30
1721321885559 0.25 31
1721321885625 0.25 32
1721321885693 0.25 33
1721321885802 0.25 34
1721321885956 0.25 36
1721321885877 0.25 35
1721321886029 0.25 37
1721321886108 0.25 38
1721321886177 0.25 39
1721321886243 0.25 40
1721321886314 0.25 41
1721321886498 0.25 44
1721321886445 0.25 43
1721321886377 0.25 42
1721321886531 0.25 45
1721321886597 0.25 47
1721321886564 0.25 46
1721321886626 0.25 48
1721321886683 0.25 50
1721321886653 0.25 49
1721321886713 0.25 51
1721321886800 0.25 54
1721321886741 0.25 52
1721321886769 0.25 53
1721321886830 0.25 55
1721321886893 0.25 57
1721321886862 0.25 56
1721321886923 0.25 58
1721321886952 0.25 59
1721321886983 0.25 60
1721321887071 0.25 63
1721321887040 0.25 62
1721321887101 0.25 64
1721321887130 0.25 65
1721321887011 0.25 61
1721321887165 0.25 66
1721321887191 0.25 67
1721321887220 0.25 68
1721321887253 0.25 69
1721321887284 0.25 70
1721321887337 0.25 72
1721321887312 0.25 71
1721321887365 0.25 73
1721321887392 0.25 74
1721321887420 0.25 75
1721321887449 0.25 76
1721321887501 0.25 78
1721321887475 0.25 77
1721321887527 0.25 79
1721321887554 0.25 80
1721321887582 0.25 81
1721321887610 0.25 82
1721321887635 0.25 83
1721321887697 0.25 85
1721321887669 0.25 84
1721321887724 0.25 86
1721321887751 0.25 87
1721321887776 0.25 88
1721321887803 0.25 89
1721321887832 0.25 90
1721321887859 0.25 91
1721321887885 0.25 92
1721321887965 0.25 95
1721321887911 0.25 93
1721321887938 0.25 94
1721321888028 0.25 96
1721321888058 0.25 97
1721321888111 0.25 99
1721321888145 0.25 100
1721321888085 0.25 98
1721321888253 0.25 104
1721321888171 0.25 101
1721321888227 0.25 103
1721321888199 0.25 102
1721321888281 0.25 105
1721321888306 0.25 106
1721321888332 0.25 107
1721321888385 0.25 109
1721321888360 0.25 108
1721321888439 0.25 111
1721321888413 0.25 110
1721321888495 0.25 113
1721321888465 0.25 112
1721321888548 0.25 115
1721321888520 0.25 114
1721321888574 0.25 116
1721321888601 0.25 117
1721321888627 0.25 118
1721321888653 0.25 119
1721321888679 0.25 120
1721321888704 0.25 121
1721321888731 0.25 122
1721321888782 0.25 124
1721321888755 0.25 123
1721321888809 0.25 125
1721321888884 0.5 127
1721321888843 0.5 126
1721321888917 0.5 128
1721321888952 0.5 129
1721321888984 0.5 130
1721321889013 0.5 131
1721321889152 0.5 134
1721321889081 0.5 133
1721321889049 0.5 132
1721321889184 0.5 135
1721321889208 0.5 136
1721321889232 0.5 137
1721321889259 0.5 138
1721321889286 0.5 139
1721321889341 0.5 141
1721321889313 0.5 140
1721321889395 0.5 143
1721321889421 0.5 144
1721321889367 0.5 142
1721321889475 0.5 146
1721321889447 0.5 145
1721321889502 0.5 147
1721321889527 0.5 148
1721321889553 0.5 149
1721321889584 0.5 150
1721321889610 0.5 151
1721321889638 0.5 152
1721321889666 0.5 153
1721321889691 0.5 154
1721321889718 0.5 155
1721321889746 0.5 156
1721321889772 0.5 157
1721321889798 0.5 158
1721321889858 0.5 160
1721321889946 0.5 163
1721321889829 0.5 159
1721321889886 0.5 161
1721321889915 0.5 162
1721321889970 0.5 164
1721321890039 0.5 165
1721321890077 0.5 166
1721321890105 0.5 167
1721321890130 0.5 168
1721321890183 0.5 170
1721321890210 0.5 171
1721321890241 0.5 172
1721321890296 0.5 174
1721321890267 0.5 173
1721321890156 0.5 169
1721321890323 0.5 175
1721321890349 0.5 176
1721321890374 0.5 177
1721321890405 0.5 178
1721321890552 0.5 183
1721321890436 0.5 179
1721321890498 0.5 181
1721321890468 0.5 180
1721321890583 0.5 184
1721321890524 0.5 182
1721321890615 0.5 185
1721321890643 0.5 186
1721321890674 0.5 187
1721321890703 0.5 188
1721321890732 0.5 189
1721321890760 0.5 190
1721321890787 0.5 191
1721321890820 0.5 192
1721321890909 0.5 195
1721321890848 0.5 193
1721321890881 0.5 194
1721321890939 0.5 196
1721321890971 0.5 197
1721321891001 0.5 198
1721321891030 0.5 199
1721321891115 0.5 202
1721321891087 0.5 201
1721321891059 0.5 200
1721321891144 0.5 203
1721321891174 0.5 204
1721321891204 0.5 205
1721321891275 0.5 206
1721321891356 0.5 207
1721321891385 0.5 208
1721321891415 0.5 209
1721321891474 0.5 211
1721321891532 0.5 213
1721321891503 0.5 212
1721321891446 0.5 210
1721321891618 0.5 216
1721321891561 0.5 214
1721321891589 0.5 215
1721321891647 0.5 217
1721321891675 0.5 218
1721321891731 0.5 220
1721321891703 0.5 219
1721321891766 0.5 221
1721321891795 0.5 222
1721321891823 0.5 223
1721321891855 0.5 224
1721321891883 0.5 225
1721321891911 0.5 226
1721321891940 0.5 227
1721321891968 0.5 228
1721321891995 0.5 229
1721321892053 0.5 231
1721321892114 0.5 233
1721321892082 0.5 232
1721321892025 0.5 230
1721321892181 0.5 235
1721321892147 0.5 234
1721321892212 0.5 236
1721321892240 0.5 237
1721321892271 0.5 238
1721321892353 0.5 240
1721321892424 0.5 242
1721321892395 0.5 241
1721321892304 0.5 239
1721321892506 0.5 245
1721321892481 0.5 244
1721321892454 0.5 243
1721321892536 0.5 246
1721321892589 0.5 248
1721321892563 0.5 247
1721321892617 0.5 249
1721321892669 0.5 251
1721321892643 0.5 250
1721321892697 0.5 252
1721321892751 0.5 254
1721321892724 0.5 253
1721321892777 0.5 255
1721321892803 0.5 256
1721321892858 0.5 258
1721321892831 0.5 257
1721321892887 0.5 259
1721321892996 0.5 263
1721321892915 0.5 260
1721321892944 0.5 261
1721321892970 0.5 262
1721321893027 0.5 264
1721321893052 0.5 265
1721321893078 0.5 266
1721321893134 0.5 268
1721321893106 0.5 267
1721321893166 0.5 269
1721321893226 0.5 270
1721321893254 0.5 271
1721321893280 0.5 272
1721321893342 0.5 274
1721321893429 0.5 277
1721321893307 0.5 273
1721321893374 0.5 275
1721321893402 0.5 276
1721321893487 0.5 279
1721321893457 0.5 278
1721321893547 0.5 281
1721321893518 0.5 280
1721321893576 0.5 282
1721321893606 0.5 283
1721321893659 0.5 285
1721321893633 0.5 284
1721321893688 0.5 286
1721321893717 0.5 287
1721321893743 0.5 288
1721321893772 0.5 289
1721321893827 0.5 291
1721321893800 0.5 290
1721321893853 0.5 292
1721321893880 0.5 293
1721321893909 0.5 294
1721321893962 0.5 296
1721321893935 0.5 295
1721321894079 0.5 299
1721321893990 0.5 297
1721321894049 0.5 298
1721321894104 0.5 300
1721321894132 0.5 301
1721321894158 0.5 302
1721321894185 0.5 303
1721321894213 0.5 304
1721321894238 0.5 305
1721321894266 0.5 306
1721321894294 0.5 307
1721321894322 0.5 308
1721321894352 0.5 309
1721321894381 0.5 310
1721321894447 0.5 312
1721321894416 0.5 311
1721321894477 0.5 313
1721321894532 0.5 315
1721321894503 0.5 314
1721321894625 0.5 318
1721321894592 0.5 317
1721321894562 0.5 316
1721321894659 0.5 319
1721321894690 0.5 320
1721321894724 0.5 321
1721321894789 0.5 322
1721321894825 0.5 323
1721321894858 0.5 324
1721321894949 0.5 327
1721321894920 0.5 326
1721321894891 0.5 325
1721321894977 0.5 328
1721321895005 0.5 329
1721321895034 0.5 330
1721321895065 0.5 331
1721321895094 0.5 332
1721321895123 0.5 333
1721321895153 0.5 334
1721321895184 0.5 335
1721321895244 0.5 337
1721321895303 0.5 339
1721321895213 0.5 336
1721321895271 0.5 338
1721321895332 0.5 340
1721321895359 0.5 341
1721321895386 0.5 342
1721321895418 0.5 343
1721321895477 0.5 345
1721321895504 0.5 346
1721321895449 0.5 344
1721321895601 0.5 348
1721321895570 0.5 347
1721321895629 0.5 349
1721321895663 0.5 350
1721321895752 0.5 353
1721321895695 0.5 351
1721321895726 0.5 352
1721321895787 0.5 354
1721321895844 0.5 356
1721321895813 0.5 355
1721321895878 0.5 357
1721321895912 0.5 358
1721321895937 0.5 359
1721321895965 0.5 360
1721321895992 0.5 361
1721321896018 0.5 362
1721321896049 0.5 363
1721321896082 0.5 364
1721321896110 0.5 365
1721321896228 0.5 368
1721321896138 0.5 366
1721321896168 0.5 367
1721321896260 0.5 369
1721321896285 0.5 370
1721321896314 0.5 371
1721321896347 0.5 372
1721321896380 0.5 373
1721321896409 0.5 374
1721321896435 0.5 375
1721321896515 0.5 378
1721321896463 0.5 376
1721321896488 0.5 377
1721321896544 0.5 379
1721321896605 0.5 381
1721321896577 0.5 380
1721321896635 0.5 382
1721321896666 0.5 383
1721321896719 0.5 385
1721321896694 0.5 384
1721321896771 0.5 387
1721321896746 0.5 386
1721321896800 0.5 388
1721321896857 0.5 389
1721321896887 0.5 390
1721321896915 0.5 391
1721321896941 0.5 392
1721321896999 0.5 394
1721321896969 0.5 393
1721321897053 0.5 396
1721321897109 0.5 398
1721321897024 0.5 395
1721321897082 0.5 397
1721321897136 0.5 399
1721321897163 0.5 400
1721321897189 0.5 401
1721321897242 0.5 403
1721321897216 0.5 402
1721321897269 0.5 404
1721321897297 0.5 405
1721321897360 0.5 407
1721321897322 0.5 406
1721321897395 0.5 408
1721321897497 0.5 410
1721321897434 0.5 409
1721321897527 0.5 411
1721321897584 0.5 413
1721321897556 0.5 412
1721321897639 0.5 415
1721321897703 0.5 417
1721321897613 0.5 414
1721321897667 0.5 416
1721321897736 0.5 418
1721321897764 0.5 419
1721321897792 0.5 420
1721321897820 0.5 421
1721321897883 0.5 423
1721321897851 0.5 422
1721321897910 0.5 424
1721321897937 0.5 425
1721321898029 0.5 428
1721321898178 0.5 431
1721321898001 0.5 427
1721321897967 0.5 426
1721321898123 0.5 429
1721321898150 0.5 430
1721321898205 0.5 432
1721321898233 0.5 433
1721321898292 0.5 435
1721321898265 0.5 434
1721321898458 0.5 441
1721321898377 0.5 438
1721321898431 0.5 440
1721321898320 0.5 436
1721321898349 0.5 437
1721321898404 0.5 439
1721321898484 0.5 442
1721321898511 0.5 443
1721321898567 0.5 445
1721321898536 0.5 444
1721321898596 0.5 446
1721321898621 0.5 447
1721321898736 0.5 450
1721321898708 0.5 449
1721321898764 0.5 451
1721321898651 0.5 448
1721321898818 0.5 453
1721321898844 0.5 454
1721321898791 0.5 452
1721321898870 0.5 455
1721321898897 0.5 456
1721321898932 0.5 457
1721321898960 0.5 458
1721321898989 0.5 459
1721321899016 0.5 460
1721321899042 0.5 461
1721321899070 0.5 462
1721321899097 0.5 463
1721321899126 0.5 464
1721321899154 0.5 465
1721321899185 0.5 466
1721321899301 0.5 469
1721321899238 0.5 468
1721321899212 0.5 467
1721321899341 0.5 470
1721321899409 0.5 472
1721321899376 0.5 471
1721321899437 0.5 473
1721321899464 0.5 474
1721321899490 0.5 475
1721321899519 0.5 476
1721321899587 0.5 478
1721321899546 0.5 477
1721321899643 0.5 480
1721321899615 0.5 479
1721321899697 0.5 482
1721321899668 0.5 481
1721321899723 0.5 483
1721321899755 0.5 484
1721321899819 0.5 485
1721321899850 0.5 486
1721321899879 0.5 487
1721321899906 0.5 488
1721321899935 0.5 489
1721321899961 0.5 490
1721321900016 0.5 492
1721321899989 0.5 491
1721321900043 0.5 493
1721321900073 0.5 494
1721321900106 0.5 495
1721321900135 0.5 496
1721321900166 0.5 497
1721321900331 0.5 500
1721321900192 0.5 498
1721321900358 0.5 501
1721321900220 0.5 499
1721321900384 0.5 502
1721321900416 0.5 503
1721321900446 0.5 504
1721321900499 0.5 506
1721321900473 0.5 505
1721321900525 0.5 507
1721321900551 0.5 508
1721321900579 0.5 509
1721321900632 0.5 511
1721321900605 0.5 510
1721321900665 0.5 512
1721321900718 0.5 514
1721321900692 0.5 513
1721321900744 0.5 515
1721321900808 0.5 516
1721321900839 0.5 517
1721321900889 0.5 519
1721321900916 0.5 520
1721321900950 0.5 521
1721321900865 0.5 518
1721321900976 0.5 522
1721321901002 0.5 523
1721321901028 0.5 524
1721321901055 0.5 525
1721321901134 0.5 528
1721321901193 0.5 530
1721321901109 0.5 527
1721321901165 0.5 529
1721321901254 0.5 531
1721321901315 0.5 533
1721321901289 0.5 532
1721321901369 0.5 535
1721321901339 0.5 534
1721321901399 0.5 536
1721321901481 0.5 539
1721321901509 0.5 540
1721321901426 0.5 537
1721321901453 0.5 538
1721321901540 0.5 541
1721321901596 0.5 543
1721321901567 0.5 542
1721321901649 0.5 545
1721321901737 0.5 547
1721321901706 0.5 546
1721321901795 0.5 549
1721321901767 0.5 548
1721321901934 0.5 554
1721321901907 0.5 553
1721321901878 0.5 552
1721321901850 0.5 551
1721321901823 0.5 550
1721321901991 0.5 556
1721321902044 0.5 558
1721321902112 0.5 559
1721321902142 0.5 560
1721321902279 0.5 565
1721321902249 0.5 564
1721321902168 0.5 561
1721321902196 0.5 562
1721321902018 0.5 557
1721321902221 0.5 563
1721321902312 0.5 566
1721321902370 0.5 568
1721321902341 0.5 567
1721321902483 0.5 572
1721321902453 0.5 571
1721321902400 0.5 569
1721321902428 0.5 570
1721321902635 0.5 574
1721321902510 0.5 573
1721321902677 0.5 575
1721321902737 0.5 577
1721321902707 0.5 576
1721321902792 0.5 579
1721321902766 0.5 578
1721321902820 0.5 580
1721321902851 0.5 581
1721321902877 0.5 582
1721321902903 0.5 583
1721321902960 0.5 585
1721321902932 0.5 584
1721321903021 0.5 586
1721321903053 0.5 587
1721321903079 0.5 588
1721321903105 0.5 589
1721321903131 0.5 590
1721321903160 0.5 591
1721321903213 0.5 593
1721321903186 0.5 592
1721321903273 0.5 595
1721321903242 0.5 594
1721321903309 0.5 596
1721321903349 0.5 597
1721321903413 0.5 599
1721321903381 0.5 598
1721321903470 0.5 601
1721321903527 0.5 603
1721321903443 0.5 600
1721321903498 0.5 602
1721321903553 0.5 604
1721321903581 0.5 605
1721321903640 0.5 606
1721321903673 0.5 607
1721321903701 0.5 608
1721321903729 0.5 609
1721321903784 0.5 611
1721321903755 0.5 610
1721321903873 0.5 614
1721321903844 0.5 613
1721321903813 0.5 612
1721321903899 0.5 615
1721321903926 0.5 616
1721321903985 0.5 618
1721321903955 0.5 617
1721321904012 0.5 619
1721321904041 0.5 620
1721321904070 0.5 621
1721321904198 0.5 623
1721321904098 0.5 622
1721321904228 0.5 624
1721321904255 0.5 625
1721321904283 0.5 626
1721321904310 0.5 627
1721321904335 0.5 628
1721321904369 0.5 629
1721321904427 0.5 631
1721321904398 0.5 630
1721321904488 0.5 633
1721321904460 0.5 632
1721321904517 0.5 634
1721321904577 0.5 636
1721321904548 0.5 635
1721321904603 0.5 637
1721321904631 0.5 638
1721321904720 0.5 640
1721321904753 0.5 641
1721321904659 0.5 639
1721321904814 0.5 643
1721321904842 0.5 644
1721321904784 0.5 642
1721321904868 0.5 645
1721321904933 0.5 647
1721321904905 0.5 646
1721321904967 0.5 648
1721321904999 0.5 649
1721321905032 0.5 650
1721321905089 0.5 652
1721321905062 0.5 651
1721321905145 0.5 654
1721321905115 0.5 653
1721321905176 0.5 655
1721321905258 0.5 658
1721321905203 0.5 656
1721321905231 0.5 657
1721321905353 0.5 660
1721321905318 0.5 659
1721321905381 0.5 661
1721321905414 0.5 662
1721321905478 0.5 664
1721321905446 0.5 663
1721321905506 0.5 665
1721321905571 0.5 667
1721321905538 0.5 666
1721321905597 0.5 668
1721321905628 0.5 669
1721321905685 0.5 671
1721321905715 0.5 672
1721321905656 0.5 670
1721321905744 0.5 673
1721321905772 0.5 674
1721321905802 0.5 675
1721321905834 0.5 676
1721321905898 0.5 678
1721321905862 0.5 677
1721321905925 0.5 679
1721321905955 0.5 680
1721321906028 0.5 681
1721321906091 0.5 683
1721321906064 0.5 682
1721321906119 0.5 684
1721321906150 0.5 685
1721321906178 0.5 686
1721321906236 0.5 688
1721321906207 0.5 687
1721321906266 0.5 689
1721321906295 0.5 690
1721321906356 0.5 692
1721321906422 0.5 694
1721321906385 0.5 693
1721321906482 0.5 696
1721321906453 0.5 695
1721321906539 0.5 698
1721321906513 0.5 697
1721321906566 0.5 699
1721321906599 0.5 700
1721321906661 0.5 702
1721321906630 0.5 701
1721321906690 0.5 703
1721321906825 0.5 706
1721321906762 0.5 705
1721321906727 0.5 704
1721321906864 0.5 707
1721321906901 0.5 708
1721321906929 0.5 709
1721321906964 0.5 710
1721321906999 0.5 711
1721321907072 0.5 713
1721321907105 0.5 714
1721321907036 0.5 712
1721321907135 0.5 715
1721321907169 0.5 716
1721321907232 0.5 718
1721321907199 0.5 717
1721321907266 0.5 719
1721321907328 0.5 721
1721321907297 0.5 720
1721321907357 0.5 722
1721321907461 0.5 725
1721321907388 0.5 723
1721321907427 0.5 724
1721321907577 0.5 726
1721321907614 0.5 727
1721321907648 0.5 728
1721321907681 0.5 729
1721321907784 0.5 732
1721321907748 0.5 731
1721321907714 0.5 730
1721321907819 0.5 733
1721321907854 0.5 734
1721321907882 0.5 735
1721321907913 0.5 736
1721321907951 0.5 737
1721321907981 0.5 738
1721321908009 0.5 739
1721321908069 0.5 741
1721321908037 0.5 740
1721321908099 0.5 742
1721321908129 0.5 743
1721321908200 0.5 744
1721321908269 0.5 746
1721321908300 0.5 747
1721321908368 0.5 749
1721321908329 0.5 748
1721321908404 0.5 750
1721321908475 0.5 752
1721321908440 0.5 751
1721321908504 0.5 753
1721321908537 0.5 754
1721321908597 0.5 756
1721321908566 0.5 755
1721321908625 0.5 757
1721321908693 0.5 758
1721321908748 0.5 760
1721321908783 0.5 761
1721321908810 0.5 762
1721321908836 0.5 763
1721321908899 0.5 765
1721321908864 0.5 764
1721321908926 0.5 766
1721321909039 0.5 770
1721321909012 0.5 769
1721321908984 0.5 768
1721321908956 0.5 767
1721321909196 0.5 773
1721321909067 0.5 771
1721321909167 0.5 772
1721321909251 0.5 775
1721321909278 0.5 776
1721321909223 0.5 774
1721321909396 0.5 780
1721321909339 0.5 778
1721321909368 0.5 779
1721321909308 0.5 777
1721321909423 0.5 781
1721321909448 0.5 782
1721321909476 0.5 783
1721321909659 0.5 786
1721321909502 0.5 784
1721321909608 0.5 785
1721321909714 0.5 788
1721321909683 0.5 787
1721321909768 0.5 790
1721321909741 0.5 789
1721321909858 0.5 791
1721321909931 0.5 792
1721321909984 0.5 794
1721321909958 0.5 793
1721321910011 0.5 795
1721321910039 0.5 796
1721321910093 0.5 798
1721321910121 0.5 799
1721321910066 0.5 797
1721321910148 0.5 800
1721321910175 0.5 801
1721321910199 0.5 802
1721321910269 0.5 803
1721321910299 0.5 804
1721321910329 0.5 805
1721321910392 0.5 807
1721321910363 0.5 806
1721321910417 0.5 808
1721321910446 0.5 809
1721321910475 0.5 810
1721321910502 0.5 811
1721321910614 0.5 815
1721321910585 0.5 814
1721321910645 0.5 816
1721321910530 0.5 812
1721321910557 0.5 813
1721321910699 0.5 818
1721321910673 0.5 817
1721321910731 0.5 819
1721321910793 0.5 820
1721321910826 0.5 821
1721321910851 0.5 822
1721321910960 0.5 826
1721321910877 0.5 823
1721321910929 0.5 825
1721321910903 0.5 824
1721321910987 0.5 827
1721321911086 0.5 829
1721321911059 0.5 828
1721321911114 0.5 830
1721321911170 0.5 832
1721321911143 0.5 831
1721321911255 0.5 835
1721321911197 0.5 833
1721321911225 0.5 834
1721321911282 0.5 836
1721321911310 0.5 837
1721321911338 0.5 838
1721321911394 0.5 840
1721321911366 0.5 839
1721321911468 0.5 841
1721321911528 0.5 843
1721321911558 0.5 844
1721321911499 0.5 842
1721321911611 0.5 846
1721321911584 0.5 845
1721321911644 0.5 847
1721321911672 0.5 848
1721321911702 0.5 849
1721321911734 0.5 850
1721321911789 0.5 852
1721321911763 0.5 851
1721321911817 0.5 853
1721321911904 0.5 856
1721321911877 0.5 855
1721321911959 0.5 858
1721321911991 0.5 859
1721321911931 0.5 857
1721321912016 0.5 860
1721321912047 0.5 861
1721321912107 0.5 863
1721321912078 0.5 862
1721321912137 0.5 864
1721321912172 0.5 865
1721321912202 0.5 866
1721321912263 0.5 867
1721321912298 0.5 868
1721321912325 0.5 869
1721321912352 0.5 870
1721321912379 0.5 871
1721321912405 0.5 872
1721321912436 0.5 873
1721321912463 0.5 874
1721321912548 0.5 877
1721321912520 0.5 876
1721321912492 0.5 875
1721321912582 0.5 878
1721321912609 0.5 879
1721321912697 0.5 882
1721321912640 0.5 880
1721321912723 0.5 883
1721321912670 0.5 881
1721321912778 0.5 885
1721321912750 0.5 884
1721321912845 0.5 886
1721321912878 0.5 887
1721321912906 0.5 888
1721321912941 0.5 889
1721321912997 0.5 891
1721321912967 0.5 890
1721321913027 0.5 892
1721321913054 0.5 893
1721321913081 0.5 894
1721321913107 0.5 895
1721321913135 0.5 896
1721321913192 0.5 898
1721321913163 0.5 897
1721321913218 0.5 899
1721321913282 0.5 901
1721321913308 0.5 902
1721321913254 0.5 900
1721321913431 0.5 905
1721321913404 0.5 904
1721321913373 0.5 903
1721321913459 0.5 906
1721321913641 0.5 912
1721321913514 0.5 908
1721321913484 0.5 907
1721321913544 0.5 909
1721321913570 0.5 910
1721321913600 0.5 911
1721321913730 0.5 914
1721321913704 0.5 913
1721321913758 0.5 915
1721321913785 0.5 916
1721321913813 0.5 917
1721321913838 0.5 918
1721321913897 0.5 920
1721321913964 0.5 921
1721321913868 0.5 919
1721321914002 0.5 922
1721321914031 0.5 923
1721321914060 0.5 924
1721321914087 0.5 925
1721321914114 0.5 926
1721321914143 0.5 927
1721321914170 0.5 928
1721321914197 0.5 929
1721321914226 0.5 930
1721321914252 0.5 931
1721321914311 0.5 933
1721321914281 0.5 932
1721321914353 0.5 934
1721321914410 0.5 936
1721321914383 0.5 935
1721321914437 0.5 937
1721321914465 0.5 938
1721321914554 0.5 940
1721321914591 0.5 941
1721321914491 0.5 939
1721321914618 0.5 942
1721321914678 0.5 944
1721321914645 0.5 943
1721321914732 0.5 946
1721321914704 0.5 945
1721321914759 0.5 947
1721321914789 0.5 948
1721321914842 0.5 950
1721321914870 0.5 951
1721321914815 0.5 949
1721321914901 0.5 952
1721321914958 0.5 954
1721321914997 0.5 955
1721321915064 0.5 956
1721321915098 0.5 957
1721321914931 0.5 953
1721321915125 0.5 958
1721321915151 0.5 959
1721321915181 0.5 960
1721321915207 0.5 961
1721321915234 0.5 962
1721321915320 0.5 965
1721321915292 0.5 964
1721321915262 0.5 963
1721321915361 0.5 966
1721321915392 0.5 967
1721321915420 0.5 968
1721321915464 0.5 969
1721321915497 0.5 970
1721321915550 0.5 972
1721321915523 0.5 971
1721321915639 0.5 975
1721321915604 0.5 974
1721321915579 0.5 973
1721321915665 0.5 976
1721321915694 0.5 977
1721321915750 0.5 979
1721321915721 0.5 978
1721321915809 0.5 980
1721321915847 0.5 981
1721321915874 0.5 982
1721321915901 0.5 983
1721321915965 0.5 985
1721321915931 0.5 984
1721321915994 0.5 986
1721321916023 0.5 987
1721321916054 0.5 988
1721321916108 0.5 990
1721321916081 0.5 989
1721321916136 0.5 991
1721321916163 0.5 992
1721321916192 0.5 993
1721321916220 0.5 994
1721321916248 0.5 995
1721321916312 0.5 997
1721321916278 0.5 996
1721321916339 0.5 998
1721321916366 0.5 999
