1721321883185 0.7365582585334778 0
1721321883227 0.7361423373222351 1
1721321883367 0.7353155612945557 3
1721321883300 0.7357280850410461 2
1721321883614 0.7340881824493408 6
1721321883546 0.7344955801963806 5
1721321883430 0.7349047660827637 4
1721321883712 0.7336826324462891 7
1721321883799 0.7332788705825806 8
1721321883898 0.7328768372535706 9
1721321884045 0.7324767112731934 10
1721321884122 0.7320784330368042 11
1721321884184 0.7316819429397583 12
1721321884326 0.7308947443962097 14
1721321884252 0.73128741979599 13
1721321884396 0.7305039763450623 15
1721321884515 0.7297282218933105 17
1721321884581 0.7293432950973511 18
1721321884456 0.7301151752471924 16
1721321884715 0.7285789251327515 20
1721321884650 0.7289601564407349 19
1721321884786 0.7281997203826904 21
1721321885005 0.7274471521377563 23
1721321884878 0.727822482585907 22
1721321885072 0.727073609828949 24
1721321885140 0.726702094078064 25
1721321885277 0.7259647846221924 27
1721321885211 0.7263324856758118 26
1721321885347 0.725598931312561 28
1721321885414 0.7252349853515625 29
1721321885482 0.724872887134552 30
1721321885559 0.7245127558708191 31
1721321885625 0.7241544127464294 32
1721321885693 0.7237977981567383 33
1721321885802 0.7234430909156799 34
1721321885956 0.722739040851593 36
1721321885877 0.7230901122093201 35
1721321886029 0.7223896384239197 37
1721321886108 0.7220420241355896 38
1721321886177 0.7216960787773132 39
1721321886243 0.7213518619537354 40
1721321886314 0.7210092544555664 41
1721321886498 0.7199914455413818 44
1721321886445 0.7203290462493896 43
1721321886377 0.720668375492096 42
1721321886531 0.7196553349494934 45
1721321886597 0.7189878821372986 47
1721321886564 0.7193207740783691 46
1721321886626 0.7186563014984131 48
1721321886683 0.7179977893829346 50
1721321886653 0.7183263301849365 49
1721321886713 0.7176706790924072 51
1721321886800 0.7166977524757385 54
1721321886741 0.7173449993133545 52
1721321886769 0.7170206904411316 53
1721321886830 0.7163761258125305 55
1721321886893 0.7157368659973145 57
1721321886862 0.7160559296607971 56
1721321886923 0.7154191732406616 58
1721321886952 0.7151025533676147 59
1721321886983 0.7147873640060425 60
1721321887071 0.7138485908508301 63
1721321887040 0.7141603231430054 62
1721321887101 0.7135379314422607 64
1721321887130 0.7132284641265869 65
1721321887165 0.7129200100898743 66
1721321887191 0.7126126289367676 67
1721321887220 0.7123063802719116 68
1721321887253 0.7120010852813721 69
1721321887284 0.7116967439651489 70
1721321887337 0.711091160774231 72
1721321887312 0.711393415927887 71
1721321887365 0.7107897996902466 73
1721321887449 0.7098912596702576 76
1721321887420 0.7101898789405823 75
1721321887501 0.7092967629432678 78
1721321887475 0.7095935940742493 77
1721321887527 0.7090007662773132 79
1721321887554 0.7087056040763855 80
1721321887582 0.7084113955497742 81
1721321887610 0.7081179618835449 82
1721321887697 0.7072423696517944 85
1721321887635 0.7078253030776978 83
1721321887669 0.7075334191322327 84
1721321887724 0.7069520950317383 86
1721321887751 0.7066625356674194 87
1721321887803 0.7060856819152832 89
1721321887776 0.7063738107681274 88
1721321887832 0.7057983875274658 90
1721321887859 0.7055118083953857 91
1721321887885 0.7052258849143982 92
1721321887911 0.7049407958984375 93
1721321887965 0.7043724060058594 95
1721321887938 0.7046562433242798 94
1721321888028 0.7040892243385315 96
1721321888058 0.7038067579269409 97
1721321888111 0.7032437920570374 99
1721321888085 0.7035249471664429 98
1721321888145 0.70296311378479 100
1721321888253 0.7018471360206604 104
1721321888171 0.7026832699775696 101
1721321888281 0.701569676399231 105
1721321888199 0.7024040222167969 102
1721321888227 0.7021253108978271 103
1721321888306 0.7012927532196045 106
1721321888332 0.7010164260864258 107
1721321888385 0.7004654407501221 109
1721321888360 0.7007406949996948 108
1721321888413 0.7001907825469971 110
1721321888439 0.6999167203903198 111
1721321888495 0.6993700265884399 113
1721321888548 0.698825478553772 115

1721321888520 0.6990975737571716 114
1721321888574 0.6985540390014648 116
1721321888601 0.6982830166816711 117
1721321888627 0.6980124711990356 118
1721321888653 0.6977424025535583 119
1721321888679 0.6974728107452393 120
1721321888704 0.6972037553787231 121
1721321888731 0.6969350576400757 122
1721321888782 0.6963990926742554 124
1721321888755 0.6966668963432312 123
1721321888809 0.6961317658424377 125
1721321888884 0.6955983638763428 127
1721321888843 0.6958647966384888 126
1721321888917 0.6953322291374207 128
1721321888952 0.6950664520263672 129
1721321888984 0.6948010921478271 130
1721321889013 0.6945362091064453 131
1721321889081 0.694007396697998 133
1721321889152 0.6937435865402222 134
1721321889049 0.6942716836929321 132
1721321889184 0.6934800744056702 135
1721321889208 0.693216860294342 136
1721321889232 0.6931809186935425 137
1721321889259 0.6931785345077515 138
1721321889286 0.6931763887405396 139
1721321889341 0.6931722164154053 141
1721321889395 0.6931684613227844 143
1721321889421 0.6931666731834412 144
1721321889313 0.6931741237640381 140
1721321889367 0.6931702494621277 142
1721321889475 0.6931635141372681 146
1721321889447 0.6931650638580322 145
1721321889502 0.6931620836257935 147
1721321889527 0.6931607127189636 148
1721321889553 0.6931595802307129 149
1721321889610 0.6931573152542114 151
1721321889638 0.693156361579895 152
1721321889666 0.6931554675102234 153
1721321889584 0.6931583881378174 150
1721321889691 0.6931546330451965 154
1721321889718 0.6931538581848145 155
1721321889746 0.6931531429290771 156
1721321889772 0.6931525468826294 157
1721321889798 0.6931519508361816 158
1721321889858 0.6931508779525757 160
1721321889946 0.6931498050689697 163
1721321889829 0.6931514143943787 159
1721321889915 0.6931500434875488 162
1721321889886 0.693150520324707 161
1721321889970 0.6931494474411011 164
1721321890039 0.6931491494178772 165
1721321890077 0.6931489109992981 166
1721321890105 0.6931486129760742 167
1721321890130 0.6931484341621399 168
1721321890241 0.6931478381156921 172
1721321890210 0.6931480169296265 171
1721321890183 0.693148136138916 170
1721321890296 0.6931477785110474 174
1721321890267 0.6931477785110474 173
1721321890156 0.6931482553482056 169
1721321890323 0.693147599697113 175
1721321890349 0.6931475400924683 176
1721321890374 0.6931474804878235 177
1721321890405 0.6931474208831787 178
1721321890552 0.6931473016738892 183
1721321890498 0.6931473016738892 181
1721321890436 0.6931474208831787 179
1721321890468 0.6931473016738892 180
1721321890583 0.6931472420692444 184
1721321890524 0.6931472420692444 182
1721321890615 0.6931472420692444 185
1721321890643 0.6931471824645996 186
1721321890674 0.6931472420692444 187
1721321890703 0.6931471824645996 188
1721321890732 0.6931471824645996 189
1721321890820 0.6931471824645996 192
1721321890760 0.6931471824645996 190
1721321890787 0.6931471824645996 191
1721321890909 0.6931471824645996 195
1721321890848 0.6931471824645996 193
1721321890881 0.6931471824645996 194
1721321890939 0.6931471824645996 196
1721321890971 0.6931471824645996 197
1721321891001 0.6931471824645996 198
1721321891115 0.6931471824645996 202
1721321891059 0.6931471824645996 200
1721321891030 0.6931471824645996 199
1721321891087 0.6931471824645996 201
1721321891144 0.6931472420692444 203
1721321891174 0.6931471824645996 204
1721321891204 0.6931472420692444 205
1721321891275 0.6931471824645996 206
1721321891356 0.6931471824645996 207
1721321891385 0.6931471824645996 208
1721321891415 0.6931471824645996 209
1721321891532 0.6931471824645996 213
1721321891503 0.6931471824645996 212
1721321891446 0.6931471824645996 210
1721321891618 0.6931471824645996 216
1721321891561 0.6931471824645996 214
1721321891589 0.6931472420692444 215
1721321891647 0.6931471824645996 217
1721321891675 0.6931471824645996 218
1721321891703 0.6931471824645996 219
1721321891731 0.6931471824645996 220
1721321891823 0.6931471824645996 223
1721321891795 0.6931471824645996 222
1721321891766 0.6931471824645996 221
1721321891855 0.6931472420692444 224
1721321891883 0.6931471824645996 225
1721321891940 0.6931472420692444 227
1721321891911 0.6931471228599548 226
1721321891968 0.6931471824645996 228
1721321891995 0.6931472420692444 229
1721321892053 0.6931471824645996 231
1721321892114 0.6931471228599548 233
1721321892181 0.6931471824645996 235
1721321892025 0.6931471824645996 230
1721321892082 0.6931471824645996 232
1721321892147 0.6931471824645996 234
1721321892212 0.6931471824645996 236
1721321892240 0.6931471824645996 237
1721321892271 0.6931471824645996 238
1721321892353 0.6931472420692444 240
1721321892304 0.6931471824645996 239
1721321892395 0.6931471824645996 241
1721321892424 0.6931471824645996 242
1721321892506 0.6931471824645996 245
1721321892481 0.6931471824645996 244
1721321892536 0.6931471824645996 246
1721321892454 0.6931471824645996 243
1721321892563 0.6931471824645996 247
1721321892589 0.6931471824645996 248
1721321892617 0.6931471824645996 249
1721321892669 0.6931472420692444 251
1721321892643 0.6931471824645996 250
1721321892724 0.6931471824645996 253
1721321892697 0.6931471824645996 252
1721321892751 0.6931471824645996 254
1721321892803 0.6931471228599548 256
1721321892777 0.6931471824645996 255
1721321892831 0.6931471824645996 257
1721321892858 0.6931471824645996 258
1721321892996 0.6931471824645996 263
1721321892915 0.6931471824645996 260
1721321892887 0.6931471824645996 259
1721321892944 0.6931471824645996 261
1721321892970 0.6931471824645996 262
1721321893027 0.6931471824645996 264
1721321893052 0.6931471824645996 265
1721321893078 0.6931471824645996 266
1721321893134 0.6931471824645996 268
1721321893106 0.6931471824645996 267
1721321893166 0.6931471824645996 269
1721321893226 0.6931472420692444 270
1721321893254 0.6931471824645996 271
1721321893280 0.6931471824645996 272
1721321893342 0.6931471824645996 274
1721321893429 0.6931471824645996 277
1721321893307 0.6931471824645996 273
1721321893374 0.6931471824645996 275
1721321893402 0.6931471824645996 276
1721321893487 0.6931471824645996 279
1721321893457 0.6931471824645996 278
1721321893547 0.6931471824645996 281
1721321893518 0.6931471824645996 280
1721321893576 0.6931471824645996 282
1721321893659 0.6931471824645996 285
1721321893633 0.6931471824645996 284
1721321893606 0.6931471824645996 283
1721321893688 0.6931471824645996 286
1721321893717 0.6931471824645996 287
1721321893743 0.6931471824645996 288
1721321893827 0.6931471824645996 291
1721321893800 0.6931471824645996 290
1721321893853 0.6931471824645996 292
1721321893880 0.6931471824645996 293
1721321893909 0.6931471824645996 294
1721321893962 0.6931471824645996 296
1721321893935 0.6931471824645996 295
1721321893990 0.6931471824645996 297
1721321894079 0.6931471824645996 299
1721321894049 0.6931471824645996 298
1721321894104 0.6931471824645996 300
1721321894132 0.6931471824645996 301
1721321894158 0.6931471824645996 302
1721321894213 0.6931471824645996 304
1721321894185 0.6931471824645996 303
1721321894238 0.6931471824645996 305
1721321894266 0.6931471824645996 306
1721321894294 0.6931471824645996 307
1721321894322 0.6931471824645996 308
1721321894352 0.6931471824645996 309
1721321894381 0.6931471824645996 310
1721321894447 0.6931471824645996 312
1721321894416 0.6931471824645996 311
1721321894477 0.6931471824645996 313
1721321894532 0.6931471824645996 315
1721321894625 0.6931472420692444 318
1721321894592 0.6931471824645996 317
1721321894503 0.6931471824645996 314
1721321894659 0.6931471824645996 319
1721321894562 0.6931471824645996 316
1721321894690 0.6931471824645996 320
1721321894724 0.6931471824645996 321
1721321894789 0.6931471824645996 322
1721321894825 0.6931471824645996 323
1721321894858 0.6931471824645996 324
1721321894920 0.6931471824645996 326
1721321894891 0.6931471824645996 325
1721321894977 0.6931471824645996 328
1721321894949 0.6931471824645996 327
1721321895005 0.6931471824645996 329
1721321895034 0.6931471824645996 330
1721321895065 0.6931471824645996 331
1721321895094 0.6931471824645996 332
1721321895123 0.6931471824645996 333
1721321895153 0.6931471824645996 334
1721321895184 0.6931471824645996 335
1721321895244 0.6931471824645996 337
1721321895303 0.6931471824645996 339
1721321895213 0.6931471824645996 336
1721321895271 0.6931471824645996 338
1721321895332 0.6931471824645996 340
1721321895359 0.6931471824645996 341
1721321895386 0.6931471824645996 342
1721321895418 0.6931471824645996 343
1721321895477 0.6931471824645996 345
1721321895504 0.6931471824645996 346
1721321895601 0.6931471824645996 348
1721321895449 0.6931471824645996 344
1721321895570 0.6931471824645996 347
1721321895663 0.6931471824645996 350
1721321895629 0.6931471824645996 349
1721321895752 0.6931471824645996 353
1721321895695 0.6931471824645996 351
1721321895726 0.6931471824645996 352
1721321895787 0.6931471824645996 354
1721321895844 0.6931471824645996 356
1721321895912 0.6931471824645996 358
1721321895878 0.6931471824645996 357
1721321895937 0.6931471824645996 359
1721321895965 0.6931471824645996 360
1721321895992 0.6931471824645996 361
1721321896018 0.6931471824645996 362
1721321896049 0.6931471824645996 363
1721321896082 0.6931471824645996 364
1721321896228 0.6931471824645996 368
1721321896138 0.6931471824645996 366
1721321896110 0.6931471824645996 365
1721321896168 0.6931471824645996 367
1721321896285 0.6931471824645996 370
1721321896260 0.6931471824645996 369
1721321896314 0.6931471824645996 371
1721321896347 0.6931471824645996 372
1721321896380 0.6931471824645996 373
1721321896409 0.6931471824645996 374
1721321896435 0.6931471824645996 375
1721321896515 0.6931471824645996 378
1721321896488 0.6931471824645996 377
1721321896463 0.6931471824645996 376
1721321896605 0.6931471824645996 381
1721321896544 0.6931471824645996 379
1721321896577 0.6931471824645996 380
1721321896635 0.6931471824645996 382
1721321896719 0.6931471824645996 385
1721321896666 0.6931471824645996 383
1721321896771 0.6931471824645996 387
1721321896746 0.6931471824645996 386
1721321896800 0.6931471824645996 388
1721321896694 0.6931471824645996 384
1721321896857 0.6931471824645996 389
1721321896887 0.6931471824645996 390
1721321896915 0.6931471824645996 391
1721321896941 0.6931471824645996 392
1721321896999 0.6931471824645996 394
1721321897053 0.6931471824645996 396
1721321896969 0.6931471824645996 393
1721321897024 0.6931471824645996 395
1721321897109 0.6931471824645996 398
1721321897082 0.6931471824645996 397
1721321897136 0.6931471824645996 399
1721321897163 0.6931471824645996 400
1721321897189 0.6931471824645996 401
1721321897242 0.6931471824645996 403
1721321897216 0.6931471824645996 402
1721321897360 0.6931471824645996 407
1721321897297 0.6931471824645996 405
1721321897269 0.6931471824645996 404
1721321897322 0.6931471824645996 406
1721321897395 0.6931471824645996 408
1721321897497 0.6931471824645996 410
1721321897434 0.6931471824645996 409
1721321897527 0.6931471824645996 411
1721321897556 0.6931471824645996 412
1721321897584 0.6931471824645996 413
1721321897703 0.6931471824645996 417
1721321897639 0.6931471824645996 415
1721321897667 0.6931471824645996 416
1721321897613 0.6931471824645996 414
1721321897792 0.6931471824645996 420
1721321897736 0.6931471824645996 418
1721321897820 0.6931471824645996 421
1721321897764 0.6931471824645996 419
1721321897851 0.6931471824645996 422
1721321897883 0.6931471824645996 423
1721321897910 0.6931471824645996 424
1721321897937 0.6931471824645996 425
1721321898029 0.6931471824645996 428
1721321898123 0.6931471824645996 429
1721321897967 0.6931471824645996 426
1721321898178 0.6931471824645996 431
1721321898001 0.6931471824645996 427
1721321898150 0.6931471824645996 430
1721321898233 0.6931471824645996 433
1721321898205 0.6931471824645996 432
1721321898292 0.6931471824645996 435
1721321898265 0.6931471824645996 434
1721321898458 0.6931471824645996 441
1721321898377 0.6931471824645996 438
1721321898431 0.6931471824645996 440
1721321898320 0.6931471824645996 436
1721321898349 0.6931471824645996 437
1721321898404 0.6931471824645996 439
1721321898484 0.6931471824645996 442
1721321898511 0.6931471824645996 443
1721321898567 0.6931471824645996 445
1721321898536 0.6931471824645996 444
1721321898596 0.6931471824645996 446
1721321898621 0.6931471824645996 447
1721321898736 0.6931471824645996 450
1721321898764 0.6931471824645996 451
1721321898651 0.6931471824645996 448
1721321898844 0.6931471824645996 454
1721321898818 0.6931471824645996 453
1721321898870 0.6931471824645996 455
1721321898791 0.6931471824645996 452
1721321898897 0.6931471824645996 456
1721321898960 0.6931471824645996 458
1721321898932 0.6931471824645996 457
1721321898989 0.6931471824645996 459
1721321899016 0.6931471824645996 460
1721321899042 0.6931471824645996 461
1721321899070 0.6931471824645996 462
1721321899126 0.6931471824645996 464
1721321899097 0.6931471824645996 463
1721321899154 0.6931471824645996 465
1721321899185 0.6931471824645996 466
1721321899301 0.6931471824645996 469
1721321899238 0.6931471824645996 468
1721321899212 0.6931471824645996 467
1721321899341 0.6931471824645996 470
1721321899409 0.6931471824645996 472
1721321899437 0.6931471824645996 473
1721321899464 0.6931471824645996 474
1721321899490 0.6931471824645996 475
1721321899519 0.6931471824645996 476
1721321899587 0.6931471824645996 478
1721321899643 0.6931471824645996 480
1721321899546 0.6931471824645996 477
1721321899615 0.6931471824645996 479
1721321899668 0.6931471824645996 481
1721321899697 0.6931471824645996 482
1721321899755 0.6931471824645996 484
1721321899819 0.6931471824645996 485
1721321899850 0.6931471824645996 486
1721321899879 0.6931471824645996 487
1721321899906 0.6931471824645996 488
1721321899935 0.6931471824645996 489
1721321899961 0.6931471824645996 490
1721321900016 0.6931471824645996 492
1721321899989 0.6931471824645996 491
1721321900043 0.6931471824645996 493
1721321900073 0.6931471824645996 494
1721321900106 0.6931471824645996 495
1721321900135 0.6931471824645996 496
1721321900166 0.6931471824645996 497
1721321900331 0.6931471824645996 500
1721321900192 0.6931471824645996 498
1721321900358 0.6931471824645996 501
1721321900220 0.6931471824645996 499
1721321900384 0.6931471824645996 502
1721321900416 0.6931471824645996 503
1721321900446 0.6931471824645996 504
1721321900499 0.6931471824645996 506
1721321900473 0.6931471824645996 505
1721321900525 0.6931471824645996 507
1721321900551 0.6931471824645996 508
1721321900579 0.6931471824645996 509
1721321900605 0.6931471824645996 510
1721321900632 0.6931471824645996 511
1721321900665 0.6931471824645996 512
1721321900692 0.6931471824645996 513
1721321900718 0.6931471824645996 514
1721321900744 0.6931471824645996 515
1721321900808 0.6931471824645996 516
1721321900916 0.6931471824645996 520
1721321900889 0.6931471824645996 519
1721321900950 0.6931471824645996 521
1721321900839 0.6931471824645996 517
1721321900865 0.6931471824645996 518
1721321900976 0.6931471824645996 522
1721321901002 0.6931471824645996 523
1721321901028 0.6931471824645996 524
1721321901055 0.6931471824645996 525
1721321901134 0.6931471824645996 528
1721321901109 0.6931471824645996 527
1721321901193 0.6931471824645996 530
1721321901083 0.6931471824645996 526
1721321901165 0.6931471824645996 529
1721321901315 0.6931471824645996 533
1721321901254 0.6931471824645996 531
1721321901289 0.6931471824645996 532
1721321901369 0.6931471824645996 535
1721321901339 0.6931471824645996 534
1721321901399 0.6931471824645996 536
1721321901481 0.6931471824645996 539
1721321901426 0.6931471824645996 537
1721321901509 0.6931471824645996 540
1721321901453 0.6931471824645996 538
1721321901540 0.6931471824645996 541
1721321901567 0.6931471824645996 542
1721321901596 0.6931471824645996 543
1721321901624 0.6931471824645996 544
1721321901649 0.6931471824645996 545
1721321901737 0.6931471824645996 547
1721321901961 0.6931471824645996 555
1721321901934 0.6931471824645996 554
1721321901850 0.6931471824645996 551
1721321901907 0.6931471824645996 553
1721321901706 0.6931471824645996 546
1721321901878 0.6931471824645996 552
1721321901767 0.6931471824645996 548
1721321901795 0.6931471824645996 549
1721321901823 0.6931471824645996 550
1721321901991 0.6931471824645996 556
1721321902044 0.6931471824645996 558
1721321902112 0.6931471824645996 559
1721321902142 0.6931471824645996 560
1721321902279 0.6931471824645996 565
1721321902018 0.6931471824645996 557
1721321902249 0.6931471824645996 564
1721321902196 0.6931471824645996 562
1721321902221 0.6931471824645996 563
1721321902168 0.6931471824645996 561
1721321902370 0.6931471824645996 568
1721321902312 0.6931471824645996 566
1721321902341 0.6931471824645996 567
1721321902453 0.6931471824645996 571
1721321902483 0.6931471824645996 572
1721321902428 0.6931471824645996 570
1721321902400 0.6931471824645996 569
1721321902635 0.6931471824645996 574
1721321902510 0.6931471824645996 573
1721321902677 0.6931471824645996 575
1721321902707 0.6931471824645996 576
1721321902737 0.6931471824645996 577
1721321902766 0.6931471824645996 578
1721321902792 0.6931471824645996 579
1721321902820 0.6931471824645996 580
1721321902903 0.6931471824645996 583
1721321902877 0.6931471824645996 582
1721321902851 0.6931471824645996 581
1721321902960 0.6931471824645996 585
1721321902932 0.6931471824645996 584
1721321903021 0.6931471824645996 586
1721321903053 0.6931471824645996 587
1721321903105 0.6931471824645996 589
1721321903079 0.6931471824645996 588
1721321903131 0.6931471824645996 590
1721321903160 0.6931471824645996 591
1721321903186 0.6931471824645996 592
1721321903213 0.6931471824645996 593
1721321903273 0.6931471824645996 595
1721321903242 0.6931471824645996 594
1721321903309 0.6931471824645996 596
1721321903349 0.6931471824645996 597
1721321903381 0.6931471824645996 598
1721321903413 0.6931471824645996 599
1721321903470 0.6931471824645996 601
1721321903443 0.6931471824645996 600
1721321903553 0.6931471824645996 604
1721321903498 0.6931471824645996 602
1721321903581 0.6931471824645996 605
1721321903640 0.6931471824645996 606
1721321903673 0.6931471824645996 607
1721321903701 0.6931471824645996 608
1721321903729 0.6931471824645996 609
1721321903784 0.6931471824645996 611
1721321903755 0.6931471824645996 610
1721321903873 0.6931471824645996 614
1721321903844 0.6931471824645996 613
1721321903813 0.6931471824645996 612
1721321903899 0.6931471824645996 615
1721321903926 0.6931471824645996 616
1721321903985 0.6931471824645996 618
1721321903955 0.6931471824645996 617
1721321904012 0.6931471824645996 619
1721321904041 0.6931471824645996 620
1721321904070 0.6931471824645996 621
1721321904098 0.6931471824645996 622
1721321904198 0.6931471824645996 623
1721321904228 0.6931471824645996 624
1721321904283 0.6931471824645996 626
1721321904255 0.6931471824645996 625
1721321904310 0.6931471824645996 627
1721321904335 0.6931471824645996 628
1721321904369 0.6931471824645996 629
1721321904427 0.6931471824645996 631
1721321904398 0.6931471824645996 630
1721321904488 0.6931471824645996 633
1721321904460 0.6931471824645996 632
1721321904517 0.6931471824645996 634
1721321904577 0.6931471824645996 636
1721321904603 0.6931471824645996 637
1721321904631 0.6931471824645996 638
1721321904720 0.6931471824645996 640
1721321904753 0.6931471824645996 641
1721321904659 0.6931471824645996 639
1721321904814 0.6931471824645996 643
1721321904842 0.6931471824645996 644
1721321904784 0.6931471824645996 642
1721321904868 0.6931471824645996 645
1721321904933 0.6931471824645996 647
1721321904967 0.6931471824645996 648
1721321904905 0.6931471824645996 646
1721321904999 0.6931471824645996 649
1721321905032 0.6931471824645996 650
1721321905089 0.6931471824645996 652
1721321905062 0.6931471824645996 651
1721321905115 0.6931471824645996 653
1721321905145 0.6931471824645996 654
1721321905176 0.6931471824645996 655
1721321905258 0.6931471824645996 658
1721321905203 0.6931471824645996 656
1721321905231 0.6931471824645996 657
1721321905353 0.6931471824645996 660
1721321905318 0.6931471824645996 659
1721321905381 0.6931471824645996 661
1721321905414 0.6931471824645996 662
1721321905478 0.6931471824645996 664
1721321905446 0.6931471824645996 663
1721321905506 0.6931471824645996 665
1721321905571 0.6931471824645996 667
1721321905538 0.6931471824645996 666
1721321905597 0.6931471824645996 668
1721321905628 0.6931471824645996 669
1721321905685 0.6931471824645996 671
1721321905656 0.6931471824645996 670
1721321905715 0.6931471824645996 672
1721321905744 0.6931471824645996 673
1721321905772 0.6931471824645996 674
1721321905802 0.6931471824645996 675
1721321905834 0.6931471824645996 676
1721321905898 0.6931471824645996 678
1721321905862 0.6931471824645996 677
1721321905925 0.6931471824645996 679
1721321905955 0.6931471824645996 680
1721321906028 0.6931471824645996 681
1721321906091 0.6931471824645996 683
1721321906150 0.6931471824645996 685
1721321906119 0.6931471824645996 684
1721321906178 0.6931471824645996 686
1721321906064 0.6931471824645996 682
1721321906236 0.6931471824645996 688
1721321906207 0.6931471824645996 687
1721321906266 0.6931471824645996 689
1721321906295 0.6931471824645996 690
1721321906324 0.6931471824645996 691
1721321906356 0.6931471824645996 692
1721321906422 0.6931471824645996 694
1721321906385 0.6931471824645996 693
1721321906453 0.6931471824645996 695
1721321906482 0.6931471824645996 696
1721321906539 0.6931471824645996 698
1721321906566 0.6931471824645996 699
1721321906513 0.6931471824645996 697
1721321906599 0.6931471824645996 700
1721321906661 0.6931471824645996 702
1721321906690 0.6931471824645996 703
1721321906630 0.6931471824645996 701
1721321906762 0.6931471824645996 705
1721321906825 0.6931471824645996 706
1721321906727 0.6931471824645996 704
1721321906864 0.6931471824645996 707
1721321906901 0.6931471824645996 708
1721321906929 0.6931471824645996 709
1721321906964 0.6931471824645996 710
1721321907072 0.6931471824645996 713
1721321906999 0.6931471824645996 711
1721321907036 0.6931471824645996 712
1721321907105 0.6931471824645996 714
1721321907135 0.6931471824645996 715
1721321907169 0.6931471824645996 716
1721321907199 0.6931471824645996 717
1721321907232 0.6931471824645996 718
1721321907266 0.6931471824645996 719
1721321907328 0.6931471824645996 721
1721321907297 0.6931471824645996 720
1721321907357 0.6931471824645996 722
1721321907461 0.6931471824645996 725
1721321907427 0.6931471824645996 724
1721321907388 0.6931471824645996 723
1721321907577 0.6931471824645996 726
1721321907614 0.6931471824645996 727
1721321907648 0.6931471824645996 728
1721321907681 0.6931471824645996 729
1721321907784 0.6931471824645996 732
1721321907748 0.6931471824645996 731
1721321907714 0.6931471824645996 730
1721321907819 0.6931471824645996 733
1721321907882 0.6931471824645996 735
1721321907854 0.6931471824645996 734
1721321907913 0.6931471824645996 736
1721321907951 0.6931471824645996 737
1721321908009 0.6931471824645996 739
1721321907981 0.6931471824645996 738
1721321908069 0.6931471824645996 741
1721321908037 0.6931471824645996 740
1721321908099 0.6931471824645996 742
1721321908129 0.6931471824645996 743
1721321908234 0.6931471824645996 745
1721321908200 0.6931471824645996 744
1721321908269 0.6931471824645996 746
1721321908300 0.6931471824645996 747
1721321908368 0.6931471824645996 749
1721321908329 0.6931471824645996 748
1721321908404 0.6931471824645996 750
1721321908475 0.6931471824645996 752
1721321908440 0.6931471824645996 751
1721321908504 0.6931471824645996 753
1721321908537 0.6931471824645996 754
1721321908597 0.6931471824645996 756
1721321908566 0.6931471824645996 755
1721321908722 0.6931471824645996 759
1721321908625 0.6931471824645996 757
1721321908693 0.6931471824645996 758
1721321908748 0.6931471824645996 760
1721321908783 0.6931471824645996 761
1721321908810 0.6931471824645996 762
1721321908836 0.6931471824645996 763
1721321908899 0.6931471824645996 765
1721321908864 0.6931471824645996 764
1721321908926 0.6931471824645996 766
1721321909012 0.6931471824645996 769
1721321909039 0.6931471824645996 770
1721321908956 0.6931471824645996 767
1721321908984 0.6931471824645996 768
1721321909196 0.6931471824645996 773
1721321909067 0.6931471824645996 771
1721321909167 0.6931471824645996 772
1721321909251 0.6931471824645996 775
1721321909223 0.6931471824645996 774
1721321909278 0.6931471824645996 776
1721321909396 0.6931471824645996 780
1721321909339 0.6931471824645996 778
1721321909368 0.6931471824645996 779
1721321909308 0.6931471824645996 777
1721321909423 0.6931471824645996 781
1721321909448 0.6931471824645996 782
1721321909476 0.6931471824645996 783
1721321909502 0.6931471824645996 784
1721321909659 0.6931471824645996 786
1721321909714 0.6931471824645996 788
1721321909608 0.6931471824645996 785
1721321909683 0.6931471824645996 787
1721321909768 0.6931471824645996 790
1721321909741 0.6931471824645996 789
1721321909858 0.6931471824645996 791
1721321909984 0.6931471824645996 794
1721321910011 0.6931471824645996 795
1721321909958 0.6931471824645996 793
1721321909931 0.6931471824645996 792
1721321910039 0.6931471824645996 796
1721321910093 0.6931471824645996 798
1721321910121 0.6931471824645996 799
1721321910066 0.6931471824645996 797
1721321910148 0.6931471824645996 800
1721321910175 0.6931471824645996 801
1721321910199 0.6931471824645996 802
1721321910269 0.6931471824645996 803
1721321910299 0.6931471824645996 804
1721321910329 0.6931471824645996 805
1721321910392 0.6931471824645996 807
1721321910363 0.6931471824645996 806
1721321910417 0.6931471824645996 808
1721321910446 0.6931471824645996 809
1721321910475 0.6931471824645996 810
1721321910614 0.6931471824645996 815
1721321910502 0.6931471824645996 811
1721321910585 0.6931471824645996 814
1721321910645 0.6931471824645996 816
1721321910557 0.6931471824645996 813
1721321910530 0.6931471824645996 812
1721321910699 0.6931471824645996 818
1721321910731 0.6931471824645996 819
1721321910673 0.6931471824645996 817
1721321910793 0.6931471824645996 820
1721321910826 0.6931471824645996 821
1721321910851 0.6931471824645996 822
1721321910929 0.6931471824645996 825
1721321910960 0.6931471824645996 826
1721321910903 0.6931471824645996 824
1721321910987 0.6931471824645996 827
1721321911086 0.6931471824645996 829
1721321911059 0.6931471824645996 828
1721321911114 0.6931471824645996 830
1721321911143 0.6931471824645996 831
1721321911170 0.6931471824645996 832
1721321911255 0.6931471824645996 835
1721321911197 0.6931471824645996 833
1721321911225 0.6931471824645996 834
1721321911282 0.6931471824645996 836
1721321911310 0.6931471824645996 837
1721321911338 0.6931471824645996 838
1721321911394 0.6931471824645996 840
1721321911366 0.6931471824645996 839
1721321911468 0.6931471824645996 841
1721321911528 0.6931471824645996 843
1721321911611 0.6931471824645996 846
1721321911558 0.6931471824645996 844
1721321911499 0.6931471824645996 842
1721321911584 0.6931471824645996 845
1721321911644 0.6931471824645996 847
1721321911672 0.6931471824645996 848
1721321911702 0.6931471824645996 849
1721321911734 0.6931471824645996 850
1721321911789 0.6931471824645996 852
1721321911763 0.6931471824645996 851
1721321911904 0.6931471824645996 856
1721321911877 0.6931471824645996 855
1721321911959 0.6931471824645996 858
1721321911850 0.6931471824645996 854
1721321911931 0.6931471824645996 857
1721321911991 0.6931471824645996 859
1721321912016 0.6931471824645996 860
1721321912107 0.6931471824645996 863
1721321912047 0.6931471824645996 861
1721321912078 0.6931471824645996 862
1721321912137 0.6931471824645996 864
1721321912172 0.6931471824645996 865
1721321912263 0.6931471824645996 867
1721321912202 0.6931471824645996 866
1721321912298 0.6931471824645996 868
1721321912325 0.6931471824645996 869
1721321912352 0.6931471824645996 870
1721321912379 0.6931471824645996 871
1721321912405 0.6931471824645996 872
1721321912436 0.6931471824645996 873
1721321912463 0.6931471824645996 874
1721321912548 0.6931471824645996 877
1721321912520 0.6931471824645996 876
1721321912492 0.6931471824645996 875
1721321912582 0.6931471824645996 878
1721321912609 0.6931471824645996 879
1721321912697 0.6931471824645996 882
1721321912723 0.6931471824645996 883
1721321912750 0.6931471824645996 884
1721321912670 0.6931471824645996 881
1721321912640 0.6931471824645996 880
1721321912778 0.6931471824645996 885
1721321912845 0.6931471824645996 886
1721321912878 0.6931471824645996 887
1721321912906 0.6931471824645996 888
1721321912941 0.6931471824645996 889
1721321912997 0.6931471824645996 891
1721321912967 0.6931471824645996 890
1721321913081 0.6931471824645996 894
1721321913054 0.6931471824645996 893
1721321913107 0.6931471824645996 895
1721321913027 0.6931471824645996 892
1721321913135 0.6931471824645996 896
1721321913163 0.6931471824645996 897
1721321913218 0.6931471824645996 899
1721321913308 0.6931471824645996 902
1721321913373 0.6931471824645996 903
1721321913431 0.6931471824645996 905
1721321913254 0.6931471824645996 900
1721321913282 0.6931471824645996 901
1721321913404 0.6931471824645996 904
1721321913459 0.6931471824645996 906
1721321913641 0.6931471824645996 912
1721321913514 0.6931471824645996 908
1721321913544 0.6931471824645996 909
1721321913484 0.6931471824645996 907
1721321913570 0.6931471824645996 910
1721321913730 0.6931471824645996 914
1721321913600 0.6931471824645996 911
1721321913758 0.6931471824645996 915
1721321913785 0.6931471824645996 916
1721321913838 0.6931471824645996 918
1721321913813 0.6931471824645996 917
1721321913964 0.6931471824645996 921
1721321913897 0.6931471824645996 920
1721321913868 0.6931471824645996 919
1721321914002 0.6931471824645996 922
1721321914031 0.6931471824645996 923
1721321914060 0.6931471824645996 924
1721321914087 0.6931471824645996 925
1721321914114 0.6931471824645996 926
1721321914197 0.6931471824645996 929
1721321914252 0.6931471824645996 931
1721321914226 0.6931471824645996 930
1721321914170 0.6931471824645996 928
1721321914143 0.6931471824645996 927
1721321914311 0.6931471824645996 933
1721321914281 0.6931471824645996 932
1721321914353 0.6931471824645996 934
1721321914383 0.6931471824645996 935
1721321914410 0.6931471824645996 936
1721321914437 0.6931471824645996 937
1721321914465 0.6931471824645996 938
1721321914554 0.6931471824645996 940
1721321914591 0.6931471824645996 941
1721321914491 0.6931471824645996 939
1721321914678 0.6931471824645996 944
1721321914618 0.6931471824645996 942
1721321914645 0.6931471824645996 943
1721321914732 0.6931471824645996 946
1721321914759 0.6931471824645996 947
1721321914704 0.6931471824645996 945
1721321914789 0.6931471824645996 948
1721321914842 0.6931471824645996 950
1721321914815 0.6931471824645996 949
1721321914870 0.6931471824645996 951
1721321914901 0.6931471824645996 952
1721321914958 0.6931471824645996 954
1721321914997 0.6931471824645996 955
1721321915064 0.6931471824645996 956
1721321915098 0.6931471824645996 957
1721321914931 0.6931471824645996 953
1721321915125 0.6931471824645996 958
1721321915151 0.6931471824645996 959
1721321915181 0.6931471824645996 960
1721321915207 0.6931471824645996 961
1721321915234 0.6931471824645996 962
1721321915320 0.6931471824645996 965
1721321915292 0.6931471824645996 964
1721321915262 0.6931471824645996 963
1721321915361 0.6931471824645996 966
1721321915392 0.6931471824645996 967
1721321915420 0.6931471824645996 968
1721321915464 0.6931471824645996 969
1721321915497 0.6931471824645996 970
1721321915523 0.6931471824645996 971
1721321915550 0.6931471824645996 972
1721321915639 0.6931471824645996 975
1721321915604 0.6931471824645996 974
1721321915579 0.6931471824645996 973
1721321915665 0.6931471824645996 976
1721321915694 0.6931471824645996 977
1721321915750 0.6931471824645996 979
1721321915721 0.6931471824645996 978
1721321915847 0.6931471824645996 981
1721321915874 0.6931471824645996 982
1721321915901 0.6931471824645996 983
1721321915965 0.6931471824645996 985
1721321915931 0.6931471824645996 984
1721321915994 0.6931471824645996 986
1721321916023 0.6931471824645996 987
1721321916054 0.6931471824645996 988
1721321916108 0.6931471824645996 990
1721321916081 0.6931471824645996 989
1721321916136 0.6931471824645996 991
1721321916163 0.6931471824645996 992
1721321916192 0.6931471824645996 993
1721321916220 0.6931471824645996 994
1721321916248 0.6931471824645996 995
1721321916312 0.6931471824645996 997
1721321916278 0.6931471824645996 996
1721321916339 0.6931471824645996 998
1721321916366 0.6931471824645996 999
