1721320631494 0.5 0
1721320631522 0.25 1
1721320631577 0.25 3
1721320631549 0.25 2
1721320631609 0.25 4
1721320631638 0.25 5
1721320631697 0.25 7
1721320631670 0.25 6
1721320631751 0.25 9
1721320631724 0.25 8
1721320631779 0.25 10
1721320631804 0.25 11
1721320631831 0.25 12
1721320631913 0.25 15
1721320631887 0.25 14
1721320631860 0.25 13
1721320631967 0.5 17
1721320631941 0.5 16
1721320632023 0.5 19
1721320631995 0.5 18
1721320632049 0.5 20
1721320632107 0.5 22
1721320632075 0.5 21
1721320632190 0.5 25
1721320632242 0.5 27
1721320632134 0.5 23
1721320632163 0.5 24
1721320632215 0.5 26
1721320632297 0.5 29
1721320632268 0.5 28
1721320632327 0.5 30
1721320632384 0.5 32
1721320632477 0.5 35
1721320632515 0.5 36
1721320632356 0.5 31
1721320632413 0.5 33
1721320632441 0.5 34
1721320632582 0.5 38
1721320632549 0.5 37
1721320632618 0.5 39
1721320632684 0.5 41
1721320632756 0.5 43
1721320632718 0.5 42
1721320632652 0.5 40
1721320632796 0.5 44
1721320632822 0.5 45
1721320632848 0.5 46
1721320632875 0.5 47
1721320632901 0.5 48
1721320632928 0.5 49
1721320633036 0.5 53
1721320633009 0.5 52
1721320633158 0.5 56
1721320633064 0.5 54
1721320633091 0.5 55
1721320632954 0.5 50
1721320633192 0.5 57
1721320633216 0.5 58
1721320633244 0.5 59
1721320633270 0.5 60
1721320633297 0.5 61
1721320633378 0.5 64
1721320633352 0.5 63
1721320633327 0.5 62
1721320633414 0.5 65
1721320633481 0.5 67
1721320633510 0.5 68
1721320633452 0.5 66
1721320633536 0.5 69
1721320633562 0.5 70
1721320633592 0.5 71
1721320633618 0.5 72
1721320633648 0.5 73
1721320633676 0.5 74
1721320633702 0.5 75
1721320633755 0.75 77
1721320633728 0.5 76
1721320633781 0.75 78
1721320633810 0.75 79
1721320633865 0.75 81
1721320633837 0.75 80
1721320633895 0.75 82
1721320633948 0.75 84
1721320633921 0.75 83
1721320633978 0.75 85
1721320634030 0.75 87
1721320634003 0.75 86
1721320634085 0.75 89
1721320634058 0.75 88
1721320634112 0.75 90
1721320634140 0.75 91
1721320634195 0.75 93
1721320634166 0.75 92
1721320634247 0.75 95
1721320634221 0.75 94
1721320634336 0.75 98
1721320634278 0.75 96
1721320634307 0.75 97
1721320634363 0.75 99
1721320634391 0.75 100
1721320634444 0.75 102
1721320634417 0.75 101
1721320634495 0.75 104
1721320634469 0.75 103
1721320634521 0.75 105
1721320634550 0.75 106
1721320634578 0.75 107
1721320634604 0.75 108
1721320634630 0.75 109
1721320634657 0.75 110
1721320634683 0.75 111
1721320634710 0.75 112
1721320634765 0.75 114
1721320634738 0.75 113
1721320634792 0.75 115
1721320634844 0.75 117
1721320634817 0.75 116
1721320634930 0.75 119
1721320634899 0.75 118
1721320634957 0.75 120
1721320635011 0.75 122
1721320635039 0.75 123
1721320635067 0.75 124
1721320634983 0.75 121
1721320635095 0.75 125
1721320635153 0.75 127
1721320635126 0.75 126
1721320635351 0.75 134
1721320635239 0.75 130
1721320635183 0.75 128
1721320635380 0.75 135
1721320635271 0.75 131
1721320635299 0.75 132
1721320635325 0.75 133
1721320635469 0.75 138
1721320635528 0.75 140
1721320635643 0.75 144
1721320635407 0.75 136
1721320635443 0.75 137
1721320635584 0.75 142
1721320635498 0.75 139
1721320635556 0.75 141
1721320635613 0.75 143
1721320635674 0.75 145
1721320635734 0.75 147
1721320635708 0.75 146
1721320635762 0.75 148
1721320635845 0.75 151
1721320635816 0.75 150
1721320635789 0.75 149
1721320635874 0.75 152
1721320635902 0.75 153
1721320635930 0.75 154
1721320635986 0.75 156
1721320635959 0.75 155
1721320636040 0.75 158
1721320636012 0.75 157
1721320636067 0.75 159
1721320636170 0.75 160
1721320636288 0.75 164
1721320636262 0.75 163
1721320636343 0.75 166
1721320636202 0.75 161
1721320636315 0.75 165
1721320636234 0.75 162
1721320636371 0.75 167
1721320636451 0.75 170
1721320636480 0.75 171
1721320636425 0.75 169
1721320636507 0.75 172
1721320636397 0.75 168
1721320636563 0.75 174
1721320636592 0.75 175
1721320636534 0.75 173
1721320636625 0.75 176
1721320636652 0.75 177
1721320636736 0.75 180
1721320636680 0.75 178
1721320636788 0.75 182
1721320636762 0.75 181
1721320636817 0.75 183
1721320636906 0.75 186
1721320636845 0.75 184
1721320636876 0.75 185
1721320636934 0.75 187
1721320636961 0.75 188
1721320636988 0.75 189
1721320637014 0.75 190
1721320637188 0.75 195
1721320637067 0.75 192
1721320637042 0.75 191
1721320637129 0.75 193
1721320637161 0.75 194
1721320637246 0.75 197
1721320637216 0.75 196
1721320637299 0.75 199
1721320637274 0.75 198
1721320637359 0.75 201
1721320637472 0.75 205
1721320637329 0.75 200
1721320637388 0.75 202
1721320637445 0.75 204
1721320637416 0.75 203
1721320637527 0.75 207
1721320637498 0.75 206
1721320637556 0.75 208
1721320637612 0.75 210
1721320637583 0.75 209
1721320637673 0.75 212
1721320637702 0.75 213
1721320637641 0.75 211
1721320637729 0.75 214
1721320637813 0.75 217
1721320637758 0.75 215
1721320637787 0.75 216
1721320637842 0.75 218
1721320637923 0.75 221
1721320637869 0.75 219
1721320637984 0.75 222
1721320638044 0.75 224
1721320638015 0.75 223
1721320638071 0.75 225
1721320638098 0.75 226
1721320638127 0.75 227
1721320638154 0.75 228
1721320638207 0.75 230
1721320638180 0.75 229
1721320638234 0.75 231
1721320638319 0.75 234
1721320638288 0.75 233
1721320638377 0.75 236
1721320638404 0.75 237
1721320638348 0.75 235
1721320638430 0.75 238
1721320638458 0.75 239
1721320638540 0.75 242
1721320638483 0.75 240
1721320638513 0.75 241
1721320638595 0.75 244
1721320638649 0.75 246
1721320638680 0.75 247
1721320638623 0.75 245
1721320638707 0.75 248
1721320638767 0.75 249
1721320638802 0.75 250
1721320638912 0.75 254
1721320638885 0.75 253
1721320638854 0.75 252
1721320638827 0.75 251
1721320638964 0.75 256
1721320638938 0.75 255
1721320638992 0.75 257
1721320639017 0.75 258
1721320639045 0.75 259
1721320639098 0.75 261
1721320639157 0.75 263
1721320639127 0.75 262
1721320639183 0.75 264
1721320639073 0.75 260
1721320639214 0.75 265
1721320639242 0.75 266
1721320639268 0.75 267
1721320639320 0.75 269
1721320639295 0.75 268
1721320639346 0.75 270
1721320639375 0.75 271
1721320639487 0.75 274
1721320639400 0.75 272
1721320639429 0.75 273
1721320639513 0.75 275
1721320639564 0.75 277
1721320639539 0.75 276
1721320639594 0.75 278
1721320639621 0.75 279
1721320639648 0.75 280
1721320639676 0.75 281
1721320639761 0.75 284
1721320639705 0.75 282
1721320639732 0.75 283
1721320639816 0.75 286
1721320639789 0.75 285
1721320639851 0.75 287
1721320639905 0.75 289
1721320639878 0.75 288
1721320639932 0.75 290
1721320639963 0.75 291
1721320639990 0.75 292
1721320640019 0.75 293
1721320640046 0.75 294
1721320640099 0.75 296
1721320640073 0.75 295
1721320640167 0.75 297
1721320640223 0.75 299
1721320640248 0.75 300
1721320640306 0.75 302
1721320640278 0.75 301
1721320640331 0.75 303
1721320640359 0.75 304
1721320640467 0.75 308
1721320640412 0.75 306
1721320640385 0.75 305
1721320640494 0.75 309
1721320640441 0.75 307
1721320640520 0.75 310
1721320640547 0.75 311
1721320640573 0.75 312
1721320640599 0.75 313
1721320640737 0.75 318
1721320640627 0.75 314
1721320640708 0.75 317
1721320640680 0.75 316
1721320640806 0.75 319
1721320640654 0.75 315
1721320640832 0.75 320
1721320640889 0.75 322
1721320640859 0.75 321
1721320641023 0.75 327
1721320640997 0.75 326
1721320640915 0.75 323
1721320641076 0.75 329
1721320640943 0.75 324
1721320641101 0.75 330
1721320641182 0.75 333
1721320640970 0.75 325
1721320641155 0.75 332
1721320641048 0.75 328
1721320641210 0.75 334
1721320641127 0.75 331
1721320641264 0.75 336
1721320641237 0.75 335
1721320641290 0.75 337
1721320641345 0.75 339
1721320641315 0.75 338
1721320641451 0.75 340
1721320641483 0.75 341
1721320641511 0.75 342
1721320641538 0.75 343
1721320641568 0.75 344
1721320641594 0.75 345
1721320641623 0.75 346
1721320641715 0.75 349
1721320641658 0.75 347
1721320641685 0.75 348
1721320641743 0.75 350
1721320641771 0.75 351
1721320641797 0.75 352
1721320641827 0.75 353
1721320641856 0.75 354
1721320641883 0.75 355
1721320641911 0.75 356
1721320641937 0.75 357
1721320641995 0.75 359
1721320641965 0.75 358
1721320642056 0.75 360
1721320642087 0.75 361
1721320642115 0.75 362
1721320642145 0.75 363
1721320642200 0.75 365
1721320642174 0.75 364
1721320642254 0.75 367
1721320642228 0.75 366
1721320642309 0.75 369
1721320642280 0.75 368
1721320642339 0.75 370
1721320642366 0.75 371
1721320642394 0.75 372
1721320642424 0.75 373
1721320642462 0.75 374
1721320642495 0.75 375
1721320642551 0.75 377
1721320642523 0.75 376
1721320642624 0.75 378
1721320642660 0.75 379
1721320642687 0.75 380
1721320642716 0.75 381
1721320642747 0.75 382
1721320642776 0.75 383
1721320642807 0.75 384
1721320642862 0.75 386
1721320642835 0.75 385
1721320642891 0.75 387
1721320642919 0.75 388
1721320642948 0.75 389
1721320642978 0.75 390
1721320643008 0.75 391
1721320643065 0.75 393
1721320643038 0.75 392
1721320643121 0.75 395
1721320643151 0.75 396
1721320643222 0.75 397
1721320643288 0.75 399
1721320643254 0.75 398
1721320643316 0.75 400
1721320643094 0.75 394
1721320643348 0.75 401
1721320643414 0.75 403
1721320643381 0.75 402
1721320643445 0.75 404
1721320643589 0.75 407
1721320643646 0.75 409
1721320643675 0.75 410
1721320643520 0.75 406
1721320643619 0.75 408
1721320643485 0.75 405
1721320643706 0.75 411
1721320643762 0.75 413
1721320643733 0.75 412
1721320643791 0.75 414
1721320643877 0.75 417
1721320643905 0.75 418
1721320643932 0.75 419
1721320643849 0.75 416
1721320643820 0.75 415
1721320643961 0.75 420
1721320643991 0.75 421
1721320644019 0.75 422
1721320644084 0.75 423
1721320644144 0.75 425
1721320644204 0.75 427
1721320644116 0.75 424
1721320644172 0.75 426
1721320644259 0.75 429
1721320644232 0.75 428
1721320644290 0.75 430
1721320644346 0.75 432
1721320644318 0.75 431
1721320644383 0.75 433
1721320644444 0.75 435
1721320644414 0.75 434
1721320644472 0.75 436
1721320644581 0.75 440
1721320644528 0.75 438
1721320644555 0.75 439
1721320644608 0.75 441
1721320644661 0.75 442
1721320644692 0.75 443
1721320644778 0.75 446
1721320644720 0.75 444
1721320644806 0.75 447
1721320644747 0.75 445
1721320644886 0.75 450
1721320644859 0.75 449
1721320644832 0.75 448
1721320644913 0.75 451
1721320644944 0.75 452
1721320644975 0.75 453
1721320645028 0.75 455
1721320645003 0.75 454
1721320645058 0.75 456
1721320645114 0.75 458
1721320645087 0.75 457
1721320645168 0.75 460
1721320645142 0.75 459
1721320645199 0.75 461
1721320645261 0.75 462
1721320645345 0.75 465
1721320645291 0.75 463
1721320645319 0.75 464
1721320645377 0.75 466
1721320645404 0.75 467
1721320645458 0.75 469
1721320645485 0.75 470
1721320645430 0.75 468
1721320645513 0.75 471
1721320645570 0.75 473
1721320645543 0.75 472
1721320645598 0.75 474
1721320645627 0.75 475
1721320645657 0.75 476
1721320645683 0.75 477
1721320645778 0.75 479
1721320645805 0.75 480
1721320645744 0.75 478
1721320645832 0.75 481
1721320645864 0.75 482
1721320645891 0.75 483
1721320645920 0.75 484
1721320645988 0.75 486
1721320646022 0.75 487
1721320645958 0.75 485
1721320646051 0.75 488
1721320646078 0.75 489
1721320646107 0.75 490
1721320646137 0.75 491
1721320646167 0.75 492
1721320646223 0.75 494
1721320646195 0.75 493
1721320646312 0.75 496
1721320646255 0.75 495
1721320646338 0.75 497
1721320646364 0.75 498
1721320646392 0.75 499
1721320646420 0.75 500
1721320646446 0.75 501
1721320646476 0.75 502
1721320646590 0.75 506
1721320646533 0.75 504
1721320646503 0.75 503
1721320646559 0.75 505
1721320646616 0.75 507
1721320646645 0.75 508
1721320646674 0.75 509
1721320646734 0.75 510
1721320646825 0.75 513
1721320646766 0.75 511
1721320646797 0.75 512
1721320646851 0.75 514
1721320646880 0.75 515
1721320646907 0.75 516
1721320646933 0.75 517
1721320646963 0.75 518
1721320646989 0.75 519
1721320647017 0.75 520
1721320647075 0.75 522
1721320647164 0.75 524
1721320647046 0.75 521
1721320647134 0.75 523
1721320647201 0.75 525
1721320647230 0.75 526
1721320647259 0.75 527
1721320647285 0.75 528
1721320647313 0.75 529
1721320647367 0.75 531
1721320647341 0.75 530
1721320647397 0.75 532
1721320647425 0.75 533
1721320647455 0.75 534
1721320647481 0.75 535
1721320647540 0.75 536
1721320647570 0.75 537
1721320647597 0.75 538
1721320647624 0.75 539
1721320647649 0.75 540
1721320647762 0.75 544
1721320647705 0.75 542
1721320647677 0.75 541
1721320647730 0.75 543
1721320647875 0.75 548
1721320647819 0.75 546
1721320647791 0.75 545
1721320647846 0.75 547
1721320647930 0.75 550
1721320648046 0.75 554
1721320647985 0.75 552
1721320648015 0.75 553
1721320647958 0.75 551
1721320647902 0.75 549
1721320648125 0.75 556
1721320648079 0.75 555
1721320648211 0.75 559
1721320648240 0.75 560
1721320648323 0.75 563
1721320648296 0.75 562
1721320648269 0.75 561
1721320648159 0.75 557
1721320648184 0.75 558
1721320648353 0.75 564
1721320648382 0.75 565
1721320648439 0.75 567
1721320648411 0.75 566
1721320648526 0.75 569
1721320648463 0.75 568
1721320648611 0.75 572
1721320648557 0.75 570
1721320648640 0.75 573
1721320648586 0.75 571
1721320648667 0.75 574
1721320648696 0.75 575
1721320648725 0.75 576
1721320648837 0.75 580
1721320648753 0.75 577
1721320648945 0.75 583
1721320648895 0.75 582
1721320648809 0.75 579
1721320648778 0.75 578
1721320648987 0.75 584
1721320648863 0.75 581
1721320649012 0.75 585
1721320649038 0.75 586
1721320649145 0.75 590
1721320649063 0.75 587
1721320649119 0.75 589
1721320649091 0.75 588
1721320649227 0.75 593
1721320649171 0.75 591
1721320649255 0.75 594
1721320649198 0.75 592
1721320649282 0.75 595
1721320649394 0.75 596
1721320649443 0.75 597
1721320649497 0.75 599
1721320649470 0.75 598
1721320649526 0.75 600
1721320649552 0.75 601
1721320649579 0.75 602
1721320649608 0.75 603
1721320649634 0.75 604
1721320649690 0.75 606
1721320649662 0.75 605
1721320649719 0.75 607
1721320649747 0.75 608
1721320649835 0.75 611
1721320649864 0.75 612
1721320649894 0.75 613
1721320649803 0.75 610
1721320649776 0.75 609
1721320649945 0.75 614
1721320649981 0.75 615
1721320650008 0.75 616
1721320650034 0.75 617
1721320650116 0.75 620
1721320650089 0.75 619
1721320650061 0.75 618
1721320650143 0.75 621
1721320650232 0.75 624
1721320650173 0.75 622
1721320650201 0.75 623
1721320650260 0.75 625
1721320650290 0.75 626
1721320650321 0.75 627
1721320650347 0.75 628
1721320650402 0.75 630
1721320650373 0.75 629
1721320650460 0.75 632
1721320650490 0.75 633
1721320650517 0.75 634
1721320650433 0.75 631
1721320650545 0.75 635
1721320650571 0.75 636
1721320650659 0.75 638
1721320650600 0.75 637
1721320650713 0.75 640
1721320650686 0.75 639
1721320650740 0.75 641
1721320650801 0.75 643
1721320650771 0.75 642
1721320650828 0.75 644
1721320650856 0.75 645
1721320650883 0.75 646
1721320650911 0.75 647
1721320650964 0.75 649
1721320650939 0.75 648
1721320650992 0.75 650
1721320651018 0.75 651
1721320651046 0.75 652
1721320651074 0.75 653
1721320651103 0.75 654
1721320651158 0.75 656
1721320651188 0.75 657
1721320651130 0.75 655
1721320651253 0.75 658
1721320651281 0.75 659
1721320651425 0.75 664
1721320651393 0.75 663
1721320651309 0.75 660
1721320651335 0.75 661
1721320651364 0.75 662
1721320651484 0.75 666
1721320651454 0.75 665
1721320651511 0.75 667
1721320651545 0.75 668
1721320651573 0.75 669
1721320651603 0.75 670
1721320651629 0.75 671
1721320651657 0.75 672
1721320651689 0.75 673
1721320651772 0.75 676
1721320651745 0.75 675
1721320651826 0.75 678
1721320651719 0.75 674
1721320651799 0.75 677
1721320651855 0.75 679
1721320651884 0.75 680
1721320651973 0.75 682
1721320651944 0.75 681
1721320651999 0.75 683
1721320652085 0.75 686
1721320652147 0.75 688
1721320652026 0.75 684
1721320652059 0.75 685
1721320652118 0.75 687
1721320652175 0.75 689
1721320652203 0.75 690
1721320652261 0.75 692
1721320652236 0.75 691
1721320652344 0.75 695
1721320652318 0.75 694
1721320652396 0.75 697
1721320652371 0.75 696
1721320652426 0.75 698
1721320652455 0.75 699
1721320652580 0.75 702
1721320652610 0.75 703
1721320652553 0.75 701
1721320652638 0.75 704
1721320652692 0.75 706
1721320652665 0.75 705
1721320652717 0.75 707
1721320652747 0.75 708
1721320652774 0.75 709
1721320652858 0.75 712
1721320652802 0.75 710
1721320652829 0.75 711
1721320652886 0.75 713
1721320652926 0.75 714
1721320652965 0.75 715
1721320653053 0.75 717
1721320653027 0.75 716
1721320653080 0.75 718
1721320653109 0.75 719
1721320653195 0.75 722
1721320653135 0.75 720
1721320653165 0.75 721
1721320653231 0.75 723
1721320653262 0.75 724
1721320653289 0.75 725
1721320653372 0.75 728
1721320653314 0.75 726
1721320653340 0.75 727
1721320653398 0.75 729
1721320653427 0.75 730
1721320653456 0.75 731
1721320653529 0.75 733
1721320653567 0.75 734
1721320653625 0.75 736
1721320653597 0.75 735
1721320653650 0.75 737
1721320653677 0.75 738
1721320653739 0.75 740
1721320653703 0.75 739
1721320653768 0.75 741
1721320653795 0.75 742
1721320653852 0.75 744
1721320653826 0.75 743
1721320653907 0.75 746
1721320653880 0.75 745
1721320653935 0.75 747
1721320653961 0.75 748
1721320654043 0.75 750
1721320654070 0.75 751
1721320654011 0.75 749
1721320654156 0.75 754
1721320654321 0.75 760
1721320654096 0.75 752
1721320654242 0.75 757
1721320654128 0.75 753
1721320654181 0.75 755
1721320654208 0.75 756
1721320654267 0.75 758
1721320654402 0.75 763
1721320654376 0.75 762
1721320654348 0.75 761
1721320654293 0.75 759
1721320654513 0.75 767
1721320654455 0.75 765
1721320654488 0.75 766
1721320654569 0.75 769
1721320654428 0.75 764
1721320654542 0.75 768
1721320654625 0.75 771
1721320654651 0.75 772
1721320654596 0.75 770
1721320654679 0.75 773
1721320654705 0.75 774
1721320654822 0.75 777
1721320654793 0.75 776
1721320654761 0.75 775
1721320654881 0.75 779
1721320654850 0.75 778
1721320654909 0.75 780
1721320654939 0.75 781
1721320654967 0.75 782
1721320654993 0.75 783
1721320655021 0.75 784
1721320655079 0.75 786
1721320655140 0.75 788
1721320655052 0.75 785
1721320655110 0.75 787
1721320655168 0.75 789
1721320655194 0.75 790
1721320655262 0.75 792
1721320655225 0.75 791
1721320655289 0.75 793
1721320655317 0.75 794
1721320655371 0.75 796
1721320655343 0.75 795
1721320655454 0.75 799
1721320655398 0.75 797
1721320655426 0.75 798
1721320655511 0.75 801
1721320655480 0.75 800
1721320655539 0.75 802
1721320655605 0.75 803
1721320655663 0.75 805
1721320655691 0.75 806
1721320655634 0.75 804
1721320655719 0.75 807
1721320655777 0.75 809
1721320655747 0.75 808
1721320655831 0.75 811
1721320655805 0.75 810
1721320655885 0.75 813
1721320655911 0.75 814
1721320655860 0.75 812
1721320655938 0.75 815
1721320655965 0.75 816
1721320655998 0.75 817
1721320656081 0.75 820
1721320656054 0.75 819
1721320656112 0.75 821
1721320656165 0.75 823
1721320656139 0.75 822
1721320656193 0.75 824
1721320656224 0.75 825
1721320656281 0.75 826
1721320656311 0.75 827
1721320656337 0.75 828
1721320656366 0.75 829
1721320656393 0.75 830
1721320656447 0.75 832
1721320656475 0.75 833
1721320656421 0.75 831
1721320656558 0.75 836
1721320656530 0.75 835
1721320656502 0.75 834
1721320656586 0.75 837
1721320656643 0.75 839
1721320656614 0.75 838
1721320656674 0.75 840
1721320656702 0.75 841
1721320656786 0.75 844
1721320656756 0.75 843
1721320656843 0.75 846
1721320656728 0.75 842
1721320656816 0.75 845
1721320656870 0.75 847
1721320656896 0.75 848
1721320656954 0.75 849
1721320656985 0.75 850
1721320657038 0.75 852
1721320657011 0.75 851
1721320657102 0.75 854
1721320657129 0.75 855
1721320657073 0.75 853
1721320657158 0.75 856
1721320657184 0.75 857
1721320657211 0.75 858
1721320657249 0.75 859
1721320657278 0.75 860
1721320657332 0.75 862
1721320657305 0.75 861
1721320657361 0.75 863
1721320657392 0.75 864
1721320657453 0.75 865
1721320657515 0.75 867
1721320657484 0.75 866
1721320657570 0.75 869
1721320657542 0.75 868
1721320657600 0.75 870
1721320657629 0.75 871
1721320657657 0.75 872
1721320657684 0.75 873
1721320657751 0.75 874
1721320657777 0.75 875
1721320657808 0.75 876
1721320657836 0.75 877
1721320657891 0.75 879
1721320657862 0.75 878
1721320657918 0.75 880
1721320657972 0.75 882
1721320657944 0.75 881
1721320657999 0.75 883
1721320658025 0.75 884
1721320658111 0.75 886
1721320658144 0.75 887
1721320658074 0.75 885
1721320658175 0.75 888
1721320658237 0.75 890
1721320658203 0.75 889
1721320658263 0.75 891
1721320658290 0.75 892
1721320658344 0.75 894
1721320658318 0.75 893
1721320658372 0.75 895
1721320658426 0.75 897
1721320658400 0.75 896
1721320658525 0.75 899
1721320658493 0.75 898
1721320658557 0.75 900
1721320658586 0.75 901
1721320658645 0.75 903
1721320658616 0.75 902
1721320658678 0.75 904
1721320658773 0.75 907
1721320658709 0.75 905
1721320658804 0.75 908
1721320658837 0.75 909
1721320658741 0.75 906
1721320658869 0.75 910
1721320658931 0.75 912
1721320658898 0.75 911
1721320659004 0.75 913
1721320659041 0.75 914
1721320659069 0.75 915
1721320659099 0.75 916
1721320659132 0.75 917
1721320659160 0.75 918
1721320659188 0.75 919
1721320659222 0.75 920
1721320659369 0.75 925
1721320659311 0.75 923
1721320659255 0.75 921
1721320659460 0.75 927
1721320659397 0.75 926
1721320659488 0.75 928
1721320659524 0.75 929
1721320659553 0.75 930
1721320659581 0.75 931
1721320659615 0.75 932
1721320659644 0.75 933
1721320659671 0.75 934
1721320659789 0.75 938
1721320659731 0.75 936
1721320659760 0.75 937
1721320659821 0.75 939
1721320659883 0.75 941
1721320659853 0.75 940
1721320659911 0.75 942
1721320659985 0.75 943
1721320660014 0.75 944
1721320660043 0.75 945
1721320660131 0.75 948
1721320660165 0.75 949
1721320660099 0.75 947
1721320660193 0.75 950
1721320660225 0.75 951
1721320660343 0.75 954
1721320660254 0.75 952
1721320660311 0.75 953
1721320660372 0.75 955
1721320660443 0.75 957
1721320660412 0.75 956
1721320660519 0.75 959
1721320660482 0.75 958
1721320660552 0.75 960
1721320660582 0.75 961
1721320660673 0.75 964
1721320660611 0.75 962
1721320660700 0.75 965
1721320660637 0.75 963
1721320660763 0.75 967
1721320660730 0.75 966
1721320660830 0.75 968
1721320660863 0.75 969
1721320660901 0.75 970
1721320661018 0.75 974
1721320660930 0.75 971
1721320660991 0.75 973
1721320661080 0.75 976
1721320661047 0.75 975
1721320661110 0.75 977
1721320661145 0.75 978
1721320661173 0.75 979
1721320661206 0.75 980
1721320661271 0.75 982
1721320661302 0.75 983
1721320661241 0.75 981
1721320661336 0.75 984
1721320661395 0.75 986
1721320661367 0.75 985
1721320661451 0.75 988
1721320661423 0.75 987
1721320661518 0.75 989
1721320661550 0.75 990
1721320661649 0.75 993
1721320661577 0.75 991
1721320661612 0.75 992
1721320661708 0.75 995
1721320661679 0.75 994
1721320661742 0.75 996
1721320661800 0.75 998
1721320661770 0.75 997
1721320661834 0.75 999
