1721320631494 0.6909555196762085 0
1721320631522 0.6904435157775879 1
1721320631549 0.6898159384727478 2
1721320631609 0.6885717511177063 4
1721320631577 0.6891610026359558 3
1721320631697 0.6868405342102051 7
1721320631638 0.6880037188529968 5
1721320631670 0.6874251961708069 6
1721320631751 0.6856635808944702 9
1721320631724 0.6862525939941406 8
1721320631779 0.6850749254226685 10
1721320631804 0.6845393180847168 11
1721320631831 0.6840013861656189 12
1721320631887 0.6828776597976685 14
1721320631913 0.6823208332061768 15
1721320631860 0.6834461092948914 13
1721320632023 0.680228590965271 19
1721320631967 0.6812746524810791 17
1721320631941 0.6817981600761414 16
1721320631995 0.6807512044906616 18
1721320632049 0.6797075271606445 20
1721320632107 0.6786906123161316 22
1721320632075 0.6791885495185852 21
1721320632190 0.6777278184890747 25
1721320632163 0.6780467629432678 24
1721320632242 0.6770233511924744 27
1721320632134 0.678352952003479 23
1721320632215 0.6773859858512878 26
1721320632297 0.6762540340423584 29
1721320632268 0.6766449213027954 28
1721320632327 0.6758535504341125 30
1721320632356 0.675445556640625 31
1721320632384 0.6750315427780151 32
1721320632515 0.6733951568603516 36
1721320632441 0.6742433905601501 34
1721320632413 0.6746480464935303 33
1721320632477 0.6738153100013733 35
1721320632582 0.6725917458534241 38
1721320632549 0.6729906797409058 37
1721320632618 0.6722655296325684 39
1721320632756 0.6708400249481201 43
1721320632684 0.6715733408927917 41
1721320632652 0.6719253063201904 40
1721320632718 0.6712110638618469 42
1721320632822 0.6701071262359619 45
1721320632796 0.6704617142677307 44
1721320632848 0.6697428822517395 46
1721320632875 0.669391393661499 47
1721320632901 0.6690602898597717 48
1721320632928 0.6687231063842773 49
1721320633009 0.6676952242851257 52
1721320633036 0.6673688888549805 53
1721320633158 0.6663351655006409 56
1721320632980 0.6680232286453247 51
1721320632954 0.6683769226074219 50
1721320633091 0.666687548160553 55
1721320633192 0.6660071611404419 57
1721320633216 0.6656831502914429 58
1721320633244 0.665350079536438 59
1721320633270 0.6650432348251343 60
1721320633378 0.6637425422668457 64
1721320633297 0.6647059917449951 61
1721320633352 0.6640549898147583 63
1721320633327 0.6643610596656799 62
1721320633481 0.6627828478813171 67
1721320633414 0.6634206771850586 65
1721320633510 0.6624646186828613 68
1721320633536 0.6621546149253845 69
1721320633452 0.6630917191505432 66
1721320633562 0.6618412137031555 70
1721320633592 0.6615192890167236 71
1721320633618 0.6612149477005005 72
1721320633648 0.6609058380126953 73
1721320633676 0.6605881452560425 74
1721320633755 0.6596639752388 77
1721320633728 0.6599671840667725 76
1721320633702 0.6602628827095032 75
1721320633781 0.659377932548523 78
1721320633810 0.659061849117279 79
1721320633865 0.6584481596946716 81
1721320633837 0.6587246656417847 80
1721320633895 0.6581612825393677 82
1721320633921 0.6578640341758728 83
1721320633978 0.6572429537773132 85
1721320634003 0.6569311022758484 86
1721320634030 0.6566415429115295 87
1721320634085 0.6560359001159668 89
1721320634058 0.6563427448272705 88
1721320634112 0.655732274055481 90
1721320634140 0.6554410457611084 91
1721320634195 0.6548466682434082 93
1721320634166 0.6551395058631897 92
1721320634247 0.6542550325393677 95
1721320634221 0.6545551419258118 94
1721320634336 0.6533747315406799 98
1721320634278 0.6539661884307861 96
1721320634307 0.6536750197410583 97
1721320634363 0.6530957221984863 99
1721320634391 0.6527930498123169 100
1721320634444 0.652209997177124 102
1721320634417 0.6524982452392578 101
1721320634469 0.6519219279289246 103
1721320634495 0.6516243815422058 104
1721320634521 0.6513396501541138 105
1721320634550 0.6510525941848755 106
1721320634578 0.6507568359375 107
1721320634630 0.650169312953949 109
1721320634657 0.6498786211013794 110
1721320634683 0.6495885252952576 111
1721320634765 0.6487240195274353 114
1721320634738 0.6490215063095093 113
1721320634710 0.6493095755577087 112
1721320634792 0.6484460830688477 115
1721320634844 0.6478695869445801 117
1721320634817 0.6481623649597168 116
1721320634930 0.6472859382629395 119
1721320634957 0.6470035910606384 120
1721320635011 0.6464279294013977 122
1721320635039 0.6461254358291626 123
1721320635067 0.6458459496498108 124
1721320634983 0.6467111706733704 121
1721320635153 0.6449735760688782 127
1721320635351 0.6429506540298462 134
1721320635126 0.6452592611312866 126
1721320635095 0.6455569267272949 125
1721320635239 0.6440976858139038 130
1721320635183 0.6446913480758667 128
1721320635211 0.6443990468978882 129
1721320635380 0.6426594257354736 135
1721320635299 0.6435413956642151 132
1721320635469 0.6417880654335022 138
1721320635271 0.643822968006134 131
1721320635528 0.6412047147750854 140
1721320635643 0.6400419473648071 144
1721320635325 0.6432502269744873 133
1721320635407 0.6423643827438354 136
1721320635443 0.6420730948448181 137
1721320635584 0.640638530254364 142
1721320635498 0.6415009498596191 139
1721320635556 0.6409242749214172 141
1721320635613 0.6403427124023438 143
1721320635674 0.6397538185119629 145
1721320635734 0.6391681432723999 147
1721320635708 0.6394575238227844 146
1721320635762 0.6388749480247498 148
1721320635789 0.6385821104049683 149
1721320635816 0.6382907032966614 150
1721320635845 0.6380060315132141 151
1721320635874 0.637708306312561 152
1721320635902 0.6374145746231079 153
1721320635930 0.6371268033981323 154
1721320635986 0.6365430951118469 156
1721320635959 0.6368316411972046 155
1721320636040 0.6359573602676392 158
1721320636262 0.6344833374023438 163
1721320636012 0.6362470388412476 157
1721320636202 0.6350727081298828 161
1721320636067 0.635660707950592 159
1721320636343 0.6336002349853516 166
1721320636234 0.6347813010215759 162
1721320636170 0.6353700757026672 160
1721320636288 0.6341913342475891 164
1721320636315 0.6338925361633301 165
1721320636371 0.6333004236221313 167
1721320636451 0.6324182152748108 170
1721320636507 0.6318366527557373 172
1721320636480 0.6321192979812622 171
1721320636425 0.632719874382019 169
1721320636563 0.6312404870986938 174
1721320636397 0.6330081224441528 168
1721320636592 0.6309438943862915 175
1721320636625 0.6306520700454712 176
1721320636534 0.631543755531311 173
1721320636652 0.6303502321243286 177
1721320636736 0.6294478178024292 180
1721320636710 0.6297537088394165 179
1721320636762 0.6291650533676147 181
1721320636680 0.6300493478775024 178
1721320636788 0.6288712024688721 182
1721320636817 0.6285673379898071 183
1721320636906 0.6276774406433105 186
1721320636876 0.6279683113098145 185
1721320636845 0.6282546520233154 184
1721320636934 0.6273753046989441 187
1721320636961 0.6270630359649658 188
1721320636988 0.6267713308334351 189
1721320637014 0.6264631748199463 190
1721320637188 0.6249701380729675 195
1721320637067 0.6258522272109985 192
1721320637246 0.624359667301178 197
1721320637042 0.6261624097824097 191
1721320637161 0.6252748370170593 194
1721320637129 0.6255680322647095 193
1721320637216 0.6246548891067505 196
1721320637299 0.6237647533416748 199
1721320637274 0.6240674257278442 198
1721320637359 0.6231361031532288 201
1721320637472 0.6219326257705688 205
1721320637388 0.6228383183479309 202
1721320637329 0.6234526634216309 200
1721320637445 0.622233510017395 204
1721320637416 0.6225289106369019 203
1721320637527 0.6213114261627197 207
1721320637498 0.6216219067573547 206
1721320637556 0.6210088133811951 208
1721320637583 0.620695948600769 209
1721320637612 0.6204020977020264 210
1721320637673 0.6197863817214966 212
1721320637702 0.6194843649864197 213
1721320637641 0.6200921535491943 211
1721320637758 0.6188719272613525 215
1721320637787 0.6185663938522339 216
1721320637813 0.6182585954666138 217
1721320637729 0.6191788911819458 214
1721320637842 0.6179491281509399 218
1721320637923 0.6170324087142944 221
1721320637869 0.6176526546478271 219
1721320637895 0.617347240447998 220
1721320637984 0.6167274713516235 222
1721320638044 0.6161060333251953 224
1721320638015 0.6164228916168213 223
1721320638071 0.6158029437065125 225
1721320638098 0.6154996156692505 226
1721320638127 0.6151863932609558 227
1721320638154 0.6148642897605896 228
1721320638207 0.6142706871032715 230
1721320638261 0.6136289834976196 232
1721320638180 0.6145725250244141 229
1721320638234 0.6139557957649231 231
1721320638319 0.6130271553993225 234
1721320638288 0.6133411526679993 233
1721320638348 0.6127195954322815 235
1721320638404 0.6120767593383789 237
1721320638430 0.6117841005325317 238
1721320638458 0.6114854216575623 239
1721320638483 0.6111726760864258 240
1721320638540 0.6105225682258606 242
1721320638568 0.6102205514907837 243
1721320638595 0.6099083423614502 244
1721320638513 0.6108471751213074 241
1721320638649 0.6092769503593445 246
1721320638680 0.6089686155319214 247
1721320638623 0.6095868945121765 245
1721320638707 0.6086465716362 248
1721320638767 0.6083358526229858 249
1721320638802 0.6080280542373657 250
1721320638854 0.6073840856552124 252
1721320638912 0.6067805886268616 254
1721320638885 0.6070876121520996 253
1721320638827 0.6077104806900024 251
1721320638964 0.6061248779296875 256
1721320638938 0.6064591407775879 255
1721320638992 0.6058476567268372 257
1721320639017 0.605527400970459 258
1721320639045 0.6052170991897583 259
1721320639098 0.6045685410499573 261
1721320639157 0.6039371490478516 263
1721320639127 0.604241669178009 262
1721320639183 0.6036174297332764 264
1721320639073 0.604897141456604 260
1721320639214 0.6032952666282654 265
1721320639242 0.6029831767082214 266
1721320639268 0.6026614904403687 267
1721320639320 0.6020379066467285 269
1721320639346 0.6017076969146729 270
1721320639295 0.602353572845459 268
1721320639375 0.6014096736907959 271
1721320639487 0.6004564762115479 274
1721320639400 0.6011016368865967 272
1721320639429 0.6007835865020752 273
1721320639513 0.6001213192939758 275
1721320639564 0.5995203256607056 277
1721320639539 0.5998257994651794 276
1721320639594 0.5991987586021423 278
1721320639621 0.5988626480102539 279
1721320639676 0.5982253551483154 281
1721320639648 0.5985323190689087 280
1721320639761 0.597252607345581 284
1721320639705 0.5979171991348267 282
1721320639732 0.5975845456123352 283
1721320639816 0.5966556072235107 286
1721320639789 0.5969623327255249 285
1721320639851 0.596332311630249 287
1721320639878 0.5959939360618591 288
1721320639905 0.5956759452819824 289
1721320639932 0.5953708291053772 290
1721320639963 0.5950552821159363 291
1721320640019 0.5943968296051025 293
1721320640046 0.5940737724304199 294
1721320640099 0.5934352874755859 296
1721320640073 0.5937629342079163 295
1721320640195 0.5927948951721191 298
1721320640167 0.5931094884872437 297
1721320640223 0.5924707651138306 299
1721320640248 0.5921410918235779 300
1721320640306 0.5915065407752991 302
1721320640331 0.5911779403686523 303
1721320640278 0.5918182134628296 301
1721320640359 0.5908682346343994 304
1721320640412 0.5902277231216431 306
1721320640385 0.5905526876449585 305
1721320640467 0.589584231376648 308
1721320640494 0.5892692804336548 309
1721320640441 0.5898942351341248 307
1721320640520 0.5889615416526794 310
1721320640547 0.5886104106903076 311
1721320640573 0.5882987976074219 312
1721320640599 0.5879771709442139 313
1721320640737 0.5863705277442932 318
1721320640627 0.5876468420028687 314
1721320640708 0.5866913199424744 317
1721320640806 0.5860584378242493 319
1721320640680 0.5870248079299927 316
1721320640832 0.5857365131378174 320
1721320640889 0.5850769281387329 322
1721320640654 0.5873404741287231 315
1721320640859 0.5854058265686035 321
1721320641023 0.5834594368934631 327
1721320640997 0.583787739276886 326
1721320640915 0.5847582817077637 323
1721320641076 0.582818329334259 329
1721320641101 0.5824946165084839 330
1721320640943 0.5844300985336304 324
1721320641182 0.5815364718437195 333
1721320640970 0.5841079950332642 325
1721320641155 0.5818454027175903 332
1721320641048 0.583141028881073 328
1721320641127 0.5821744203567505 331
1721320641264 0.5805580019950867 336
1721320641237 0.58089280128479 335
1721320641290 0.5802468657493591 337
1721320641345 0.5795975923538208 339
1721320641315 0.5799301862716675 338
1721320641483 0.5789623260498047 341
1721320641451 0.5792734026908875 340
1721320641538 0.5783116817474365 343
1721320641511 0.578641414642334 342
1721320641568 0.5779811143875122 344
1721320641594 0.5776620507240295 345
1721320641623 0.5773399472236633 346
1721320641715 0.576387882232666 349
1721320641743 0.576066255569458 350
1721320641685 0.576690137386322 348
1721320641658 0.577019453048706 347
1721320641771 0.575822114944458 351
1721320641797 0.5754777193069458 352
1721320641827 0.5751412510871887 353
1721320641856 0.5748405456542969 354
1721320641883 0.5745955109596252 355
1721320641911 0.5742824673652649 356
1721320641937 0.5738908648490906 357
1721320641995 0.5732743144035339 359
1721320641965 0.5735936164855957 358
1721320642056 0.5729820728302002 360
1721320642087 0.5726802349090576 361
1721320642115 0.5723674297332764 362
1721320642145 0.5720446705818176 363
1721320642200 0.5714510679244995 365
1721320642174 0.5717753171920776 364
1721320642228 0.5711696147918701 366
1721320642254 0.5708686113357544 367
1721320642309 0.570260763168335 369
1721320642280 0.5705462098121643 368
1721320642339 0.5699729919433594 370
1721320642366 0.5696778297424316 371
1721320642394 0.569370448589325 372
1721320642424 0.5690519213676453 373
1721320642462 0.5687235593795776 374
1721320642551 0.567816436290741 377
1721320642495 0.5684298872947693 375
1721320642660 0.5671731233596802 379
1721320642624 0.5674773454666138 378
1721320642523 0.5681347250938416 376
1721320642687 0.5669460892677307 380
1721320642716 0.5666137933731079 381
1721320642747 0.566311240196228 382
1721320642776 0.5660196542739868 383
1721320642807 0.5656692981719971 384
1721320642835 0.5653963088989258 385
1721320642891 0.5648050904273987 387
1721320642862 0.5651131868362427 386
1721320642919 0.5645356774330139 388
1721320642948 0.564193844795227 389
1721320642978 0.5639258027076721 390
1721320643008 0.5636508464813232 391
1721320643065 0.5630588531494141 393
1721320643038 0.563361406326294 392
1721320643121 0.5624822974205017 395
1721320643151 0.5621995329856873 396
1721320643288 0.5612418055534363 399
1721320643222 0.5618910789489746 397
1721320643254 0.5615595579147339 398
1721320643316 0.5609501004219055 400
1721320643094 0.5627706050872803 394
1721320643348 0.5606775879859924 401
1721320643381 0.5603606104850769 402
1721320643414 0.5600536465644836 403
1721320643445 0.559749960899353 404
1721320643646 0.5583087801933289 409
1721320643675 0.5580313205718994 410
1721320643589 0.5588730573654175 407
1721320643619 0.5585772395133972 408
1721320643520 0.5591779351234436 406
1721320643485 0.5594997406005859 405
1721320643706 0.5577321648597717 411
1721320643762 0.5571568608283997 413
1721320643733 0.5574516654014587 412
1721320643791 0.5568669438362122 414
1721320643877 0.5559741258621216 417
1721320643932 0.5553679466247559 419
1721320643905 0.5556819438934326 418
1721320643961 0.5550830364227295 420
1721320643849 0.5562713146209717 416
1721320644019 0.5545225143432617 422
1721320643991 0.5548412203788757 421
1721320644084 0.5542410612106323 423
1721320644172 0.5533351302146912 426
1721320644144 0.5536243319511414 425
1721320644204 0.553078830242157 427
1721320644259 0.5525087118148804 429
1721320644116 0.5539546012878418 424
1721320644232 0.5527564883232117 428
1721320644290 0.5522377490997314 430
1721320644346 0.5516735315322876 432
1721320644318 0.5519404411315918 431
1721320644383 0.5513717532157898 433
1721320644499 0.5501937866210938 437
1721320644444 0.5507909655570984 435
1721320644414 0.5510871410369873 434
1721320644472 0.5504897832870483 436
1721320644581 0.5493494868278503 440
1721320644528 0.5499024391174316 438
1721320644555 0.5496245622634888 439
1721320644608 0.5490623116493225 441
1721320644661 0.5488051772117615 442
1721320644692 0.548529863357544 443
1721320644806 0.5474104881286621 447
1721320644720 0.548202395439148 444
1721320644778 0.5476986765861511 446
1721320644747 0.547930121421814 445
1721320644886 0.5465093851089478 450
1721320644859 0.5468307733535767 449
1721320644832 0.5470990538597107 448
1721320644913 0.5462574362754822 451
1721320644944 0.5459875464439392 452
1721320645028 0.5451095104217529 455
1721320644975 0.5456950068473816 453
1721320645058 0.5448465943336487 456
1721320645003 0.5453761219978333 454
1721320645114 0.5443160533905029 458
1721320645087 0.5445677042007446 457
1721320645168 0.5437292456626892 460
1721320645142 0.5440361499786377 459
1721320645199 0.543401837348938 461
1721320645261 0.5431898832321167 462
1721320645345 0.5423734188079834 465
1721320645291 0.5429520010948181 463
1721320645319 0.542678713798523 464
1721320645377 0.5420597791671753 466
1721320645404 0.5417972207069397 467
1721320645485 0.5409303903579712 470
1721320645458 0.5412258505821228 469
1721320645430 0.5415186882019043 468
1721320645513 0.5406231880187988 471
1721320645570 0.5401394367218018 473
1721320645543 0.5403817892074585 472
1721320645598 0.5398350954055786 474
1721320645657 0.5392950773239136 476
1721320645627 0.5395234823226929 475
1721320645683 0.5390489101409912 477
1721320645805 0.5382328033447266 480
1721320645744 0.5387853384017944 478
1721320645778 0.5385124087333679 479
1721320645832 0.5379449129104614 481
1721320645864 0.5376439690589905 482
1721320645891 0.537346601486206 483
1721320645920 0.5370833873748779 484
1721320645988 0.5365233421325684 486
1721320646022 0.5363228917121887 487
1721320645958 0.5368382930755615 485
1721320646051 0.53606116771698 488
1721320646078 0.5357074737548828 489
1721320646107 0.5354372262954712 490
1721320646137 0.535216748714447 491
1721320646167 0.534928560256958 492
1721320646223 0.5343702435493469 494
1721320646312 0.5338290333747864 496
1721320646255 0.5341071486473083 495
1721320646195 0.5346333980560303 493
1721320646338 0.5335729718208313 497
1721320646364 0.5333032011985779 498
1721320646392 0.5330188274383545 499
1721320646420 0.5327215194702148 500
1721320646446 0.5324901342391968 501
1721320646476 0.5322538018226624 502
1721320646590 0.5311163663864136 506
1721320646559 0.5314316153526306 505
1721320646533 0.5317121744155884 504
1721320646503 0.5319654941558838 503
1721320646616 0.530893862247467 507
1721320646674 0.5303360819816589 509
1721320646645 0.5306247472763062 508
1721320646734 0.5300928950309753 510
1721320646766 0.5298544764518738 511
1721320646825 0.529336154460907 513
1721320646851 0.5290544629096985 514
1721320646907 0.5284886956214905 516
1721320646880 0.5287598371505737 515
1721320646933 0.5282689929008484 517
1721320646963 0.5279650688171387 518
1721320646989 0.5276859402656555 519
1721320647017 0.5274437069892883 520
1721320647075 0.5269380211830139 522
1721320647164 0.5264194011688232 524
1721320647046 0.5272371172904968 521
1721320647134 0.5266156196594238 523
1721320647201 0.5261857509613037 525
1721320647230 0.5258738398551941 526
1721320647259 0.5255757570266724 527
1721320647285 0.525325357913971 528
1721320647313 0.5250909328460693 529
1721320647341 0.5248243808746338 530
1721320647397 0.5243051052093506 532
1721320647455 0.5237429738044739 534
1721320647425 0.5240302085876465 533
1721320647481 0.5234739780426025 535
1721320647540 0.5232157111167908 536
1721320647570 0.5229744911193848 537
1721320647597 0.5227048993110657 538
1721320647624 0.522440493106842 539
1721320647649 0.5221937894821167 540
1721320647762 0.521148681640625 544
1721320647677 0.521914541721344 541
1721320647705 0.5216655135154724 542
1721320647730 0.5213920474052429 543
1721320647875 0.5201213359832764 548
1721320647791 0.5208761692047119 545
1721320647819 0.5206433534622192 546
1721320647846 0.5203662514686584 547
1721320647930 0.5196390151977539 550
1721320647985 0.5191184878349304 552
1721320648046 0.5186474919319153 554
1721320648015 0.5188325643539429 553
1721320647958 0.5193651914596558 551
1721320648125 0.5181095600128174 556
1721320647902 0.5198876261711121 549
1721320648079 0.5184095501899719 555
1721320648240 0.5171446204185486 560
1721320648211 0.5173603296279907 559
1721320648323 0.516356348991394 563
1721320648296 0.5166118144989014 562
1721320648269 0.5168996453285217 561
1721320648159 0.5178701877593994 557
1721320648184 0.5176421403884888 558
1721320648382 0.5158493518829346 565
1721320648353 0.5161335468292236 564
1721320648411 0.5156009197235107 566
1721320648439 0.5153533220291138 567
1721320648463 0.5151153802871704 568
1721320648526 0.5148667693138123 569
1721320648611 0.5140920877456665 572
1721320648640 0.5138140320777893 573
1721320648557 0.5146082639694214 570
1721320648667 0.513565182685852 574
1721320648696 0.5132883191108704 575
1721320648586 0.5143573880195618 571
1721320648725 0.5130598545074463 576
1721320648837 0.5120959281921387 580
1721320648753 0.5128626227378845 577
1721320648945 0.5113170742988586 583
1721320648895 0.5115543603897095 582
1721320648809 0.5123306512832642 579
1721320648778 0.5126041769981384 578
1721320648987 0.5110923051834106 584
1721320648863 0.5117979645729065 581
1721320649012 0.5108226537704468 585
1721320649038 0.5105767250061035 586
1721320649145 0.5096193552017212 590
1721320649119 0.5098667740821838 589
1721320649063 0.5103442072868347 587
1721320649255 0.5086084008216858 594
1721320649227 0.5088270306587219 593
1721320649171 0.5093579888343811 591
1721320649091 0.5101061463356018 588
1721320649198 0.509097158908844 592
1721320649282 0.5083749294281006 595
1721320649394 0.5081652402877808 596
1721320649443 0.5079160928726196 597
1721320649497 0.5073910355567932 599
1721320649552 0.5068991780281067 601
1721320649526 0.5071550011634827 600
1721320649470 0.5076218843460083 598
1721320649579 0.5066817998886108 602
1721320649608 0.5064486265182495 603
1721320649634 0.5062007308006287 604
1721320649690 0.5057043433189392 606
1721320649719 0.505507230758667 607
1721320649662 0.5059629678726196 605
1721320649747 0.5052664279937744 608
1721320649864 0.5042814612388611 612
1721320649835 0.5045168995857239 611
1721320649894 0.5040333271026611 613
1721320649776 0.5050110816955566 609
1721320649803 0.5047708749771118 610
1721320649945 0.5037664175033569 614
1721320649981 0.503517746925354 615
1721320650008 0.5033213496208191 616
1721320650034 0.5030934810638428 617
1721320650116 0.5023496150970459 620
1721320650089 0.5025925636291504 619
1721320650061 0.5028653740882874 618
1721320650143 0.5021243691444397 621
1721320650232 0.5014072060585022 624
1721320650201 0.5016540288925171 623
1721320650173 0.5018965005874634 622
1721320650260 0.5011884570121765 625
1721320650290 0.5009539723396301 626
1721320650321 0.50069659948349 627
1721320650347 0.5004783272743225 628
1721320650402 0.49999934434890747 630
1721320650373 0.5002456903457642 629
1721320650517 0.4990795850753784 634
1721320650460 0.4995085895061493 632
1721320650433 0.49976685643196106 631
1721320650490 0.49931442737579346 633
1721320650545 0.49885261058807373 635
1721320650571 0.4986087679862976 636
1721320650659 0.4981235861778259 638
1721320650713 0.49766772985458374 640
1721320650600 0.4983661472797394 637
1721320650686 0.4978751242160797 639
1721320650740 0.4974307119846344 641
1721320650771 0.49720054864883423 642
1721320650801 0.4969569146633148 643
1721320650828 0.4967409670352936 644
1721320650856 0.49647989869117737 645
1721320650911 0.496055006980896 647
1721320650883 0.4962450861930847 646
1721320650964 0.4955832362174988 649
1721320650939 0.4958191514015198 648
1721320650992 0.49537062644958496 650
1721320651018 0.4951149821281433 651
1721320651046 0.4949381351470947 652
1721320651103 0.4944228529930115 654
1721320651074 0.4946986138820648 653
1721320651158 0.4940260648727417 656
1721320651188 0.4938132166862488 657
1721320651253 0.49358874559402466 658
1721320651130 0.49423420429229736 655
1721320651281 0.493362158536911 659
1721320651393 0.49242910742759705 6631721320651335 0.4928734004497528 661
1721320651309 0.4931546449661255 660
1721320651364 0.4926586449146271 662
1721320651484 0.49176084995269775 666
1721320651454 0.4919353723526001 665
1721320651545 0.4913167655467987 668
1721320651511 0.4915321469306946 667
1721320651573 0.4911097586154938 669
1721320651603 0.4908880889415741 670
1721320651689 0.49016377329826355 673
1721320651629 0.4906647205352783 671
1721320651657 0.49040400981903076 672
1721320651772 0.48951947689056396 676
1721320651826 0.4890616536140442 678
1721320651745 0.48972779512405396 675
1721320651719 0.48995524644851685 674
1721320651855 0.48885685205459595 679
1721320651799 0.48929688334465027 677
1721320651884 0.4886144995689392 680
1721320651973 0.488182008266449 682
1721320651944 0.488389253616333 681
1721320651999 0.4880087971687317 683
1721320652085 0.4873315989971161 686
1721320652147 0.48690205812454224 688
1721320652026 0.4877917766571045 684
1721320652118 0.487135648727417 687
1721320652059 0.4875304102897644 685
1721320652175 0.4866412281990051 689
1721320652203 0.48643967509269714 690
1721320652236 0.48623543977737427 691
1721320652261 0.48601365089416504 692
1721320652287 0.4858155846595764 693
1721320652318 0.48558056354522705 694
1721320652371 0.48516470193862915 696
1721320652344 0.4853599965572357 695
1721320652396 0.4849487841129303 697
1721320652426 0.4847315549850464 698
1721320652455 0.4845133423805237 699
1721320652525 0.48427754640579224 700
1721320652580 0.4838477671146393 702
1721320652610 0.48362019658088684 703
1721320652553 0.48407548666000366 701
1721320652638 0.4834299683570862 704
1721320652665 0.48323026299476624 705
1721320652692 0.48302021622657776 706
1721320652717 0.4827784299850464 707
1721320652747 0.4825465679168701 708
1721320652774 0.4823417663574219 709
1721320652858 0.4817187786102295 712
1721320652802 0.4821375012397766 710
1721320652829 0.4819588363170624 711
1721320652886 0.48150408267974854 713
1721320652926 0.4812891483306885 714
1721320652965 0.481067955493927 715
1721320653053 0.48068296909332275 717
1721320653027 0.4808958172798157 716
1721320653080 0.4804856479167938 718
1721320653109 0.48030245304107666 719
1721320653195 0.47970157861709595 722
1721320653165 0.47987130284309387 721
1721320653135 0.4800134301185608 720
1721320653231 0.4794877767562866 723
1721320653289 0.47906792163848877 725
1721320653262 0.47926580905914307 724
1721320653314 0.47885698080062866 726
1721320653372 0.47847944498062134 728
1721320653340 0.4786343574523926 727
1721320653398 0.4782744348049164 729
1721320653480 0.47766005992889404 732
1721320653427 0.4780082404613495 730
1721320653567 0.4772445857524872 734
1721320653529 0.4774729609489441 733
1721320653456 0.47780391573905945 731
1721320653625 0.4768223464488983 736
1721320653597 0.47702649235725403 735
1721320653650 0.4766062796115875 737
1721320653677 0.4763794541358948 738
1721320653739 0.47596871852874756 740
1721320653703 0.47615987062454224 739
1721320653768 0.47576597332954407 741
1721320653852 0.4751650393009186 744

1721320653826 0.4753625988960266 743
1721320653880 0.4749394953250885 745
1721320653907 0.4747791886329651 746
1721320653935 0.4745561480522156 747
1721320653961 0.47434931993484497 748
1721320654043 0.47392672300338745 750
1721320654070 0.4737280607223511 751
1721320654156 0.47313055396080017 754
1721320654321 0.47189924120903015 760
1721320654011 0.4741315543651581 749
1721320654096 0.4735311269760132 752
1721320654128 0.47331902384757996 753
1721320654242 0.4724951684474945 757
1721320654181 0.47292953729629517 755
1721320654208 0.4727173447608948 756
1721320654267 0.4723619222640991 758
1721320654402 0.47132688760757446 763
1721320654348 0.4717291593551636 761
1721320654376 0.471525102853775 762
1721320654293 0.47214454412460327 759
1721320654455 0.4709182679653168 765

1721320654569 0.47014501690864563 769
1721320654488 0.47073692083358765 766
1721320654428 0.471121609210968 764
1721320654542 0.47032004594802856 768
1721320654625 0.4697757363319397 771
1721320654651 0.4695720374584198 772
1721320654596 0.4699837565422058 770
1721320654679 0.46937528252601624 773
1721320654705 0.46920499205589294 774
1721320654761 0.4689897894859314 775
1721320654881 0.4682418704032898 779
1721320654822 0.46863245964050293 777
1721320654793 0.46880948543548584 776
1721320654850 0.46844279766082764 778
1721320654909 0.4680546820163727 780
1721320654939 0.4678416848182678 781
1721320654967 0.46762335300445557 782
1721320654993 0.46750861406326294 783
1721320655021 0.4672808051109314 784
1721320655079 0.4669272303581238 786
1721320655140 0.4665107727050781 788
1721320655110 0.4667362570762634 787
1721320655168 0.4663284420967102 789
1721320655052 0.46707940101623535 785
1721320655194 0.4661515951156616 790
1721320655262 0.4657880365848541 792
1721320655289 0.4655951261520386 793
1721320655225 0.4659714698791504 791
1721320655317 0.46541503071784973 794
1721320655371 0.46502190828323364 796
1721320655343 0.46522513031959534 795
1721320655426 0.46464261412620544 798
1721320655398 0.46481001377105713 797
1721320655454 0.4645270109176636 799
1721320655511 0.46408534049987793 801
1721320655480 0.4643203616142273 800
1721320655539 0.4638901352882385 802
1721320655605 0.4637235999107361 803
1721320655663 0.4633520841598511 805
1721320655691 0.4631497859954834 806
1721320655634 0.46356773376464844 804
1721320655719 0.4629387855529785 807
1721320655747 0.46279874444007874 808
1721320655777 0.4626139998435974 809
1721320655831 0.46222740411758423 811
1721320655805 0.46237871050834656 810
1721320655885 0.4618682563304901 813
1721320655911 0.4616749882698059 814
1721320655938 0.4614725708961487 815
1721320655860 0.462051123380661 812
1721320655965 0.4613224267959595 816
1721320655998 0.46112343668937683 817
1721320656025 0.460934042930603 818
1721320656081 0.46061110496520996 820
1721320656054 0.46077102422714233 819
1721320656165 0.46004271507263184 823
1721320656112 0.460426390171051 821
1721320656139 0.4602469801902771 822
1721320656193 0.45985153317451477 824
1721320656224 0.45965561270713806 825
1721320656281 0.459469735622406 826
1721320656311 0.45930182933807373 827
1721320656366 0.45896536111831665 829
1721320656337 0.45914819836616516 828
1721320656393 0.45880627632141113 830
1721320656447 0.4584342837333679 832
1721320656475 0.4582526683807373 833
1721320656421 0.45863085985183716 831
1721320656530 0.4579511284828186 835
1721320656502 0.4581407606601715 834
1721320656558 0.4577304720878601 836
1721320656643 0.457228422164917 839
1721320656586 0.45758551359176636 837
1721320656614 0.4574120044708252 838
1721320656674 0.45705223083496094 840
1721320656702 0.45686617493629456 841
1721320656786 0.45633652806282043 844
1721320656756 0.4565340280532837 843
1721320656843 0.4559895098209381 846
1721320656728 0.45667141675949097 842
1721320656816 0.45613178610801697 845
1721320656870 0.45583662390708923 847
1721320656896 0.45567429065704346 848
1721320656954 0.4554803967475891 849
1721320656985 0.4553096294403076 850
1721320657011 0.4550907611846924 851
1721320657038 0.4549538493156433 852
1721320657102 0.45459040999412537 854
1721320657073 0.4547838568687439 853
1721320657158 0.45428624749183655 856
1721320657129 0.45444202423095703 855
1721320657184 0.4541264772415161 857
1721320657249 0.4537524878978729 859
1721320657211 0.45394015312194824 858
1721320657278 0.453607439994812 860
1721320657305 0.45345446467399597 861
1721320657332 0.4532565474510193 862
1721320657361 0.4530753493309021 863
1721320657392 0.4529300630092621 864
1721320657453 0.45277294516563416 865
1721320657515 0.45242801308631897 867
1721320657484 0.4526052176952362 866
1721320657570 0.45205605030059814 869
1721320657542 0.45224225521087646 868
1721320657600 0.4518885314464569 870
1721320657629 0.45176446437835693 871
1721320657657 0.45158010721206665 872
1721320657684 0.4513883590698242 873
1721320657751 0.4512259066104889 874
1721320657777 0.4510871171951294 875
1721320657808 0.45092540979385376 876
1721320657836 0.45074060559272766 877
1721320657891 0.450393408536911 879
1721320657862 0.4505714178085327 878
1721320657918 0.450283408164978 880
1721320657972 0.4499014914035797 882
1721320657944 0.45010149478912354 881
1721320658025 0.44959425926208496 884
1721320657999 0.44975101947784424 883
1721320658111 0.4492717683315277 886
1721320658144 0.44909799098968506 887
1721320658074 0.4494336247444153 885
1721320658175 0.44893085956573486 888
1721320658237 0.4486788511276245 890
1721320658203 0.44875824451446533 889
1721320658263 0.4484897255897522 891
1721320658344 0.4479823708534241 894
1721320658290 0.44828516244888306 892
1721320658318 0.4481487274169922 893
1721320658372 0.44782984256744385 895
1721320658426 0.44751062989234924 897
1721320658400 0.4476749897003174 896
1721320658493 0.4473377466201782 898
1721320658525 0.4472017288208008 899
1721320658557 0.4470137059688568 900
1721320658586 0.4468502104282379 901
1721320658645 0.44657060503959656 903
1721320658616 0.4466947317123413 902
1721320658678 0.4464483857154846 904
1721320658773 0.4459129571914673 907
1721320658709 0.446296364068985 905
1721320658804 0.4458032250404358 908
1721320658837 0.4456152617931366 909
1721320658741 0.4461168646812439 906
1721320658869 0.4455019235610962 910
1721320658931 0.4451248049736023 912
1721320658898 0.44534236192703247 911
1721320659004 0.44499266147613525 913
1721320659041 0.44483301043510437 914
1721320659069 0.4446849226951599 915
1721320659099 0.44452762603759766 916
1721320659132 0.4443666338920593 917
1721320659160 0.4441998600959778 918
1721320659188 0.44410669803619385 919
1721320659222 0.44392600655555725 920
1721320659369 0.4431557059288025 925
1721320659311 0.44346222281455994 923
1721320659255 0.4437508285045624 921
1721320659281 0.44360753893852234 922
1721320659460 0.442827045917511 927
1721320659339 0.44331294298171997 924
1721320659397 0.4429951310157776 926
1721320659488 0.44265371561050415 928
1721320659524 0.44248202443122864 929
1721320659553 0.44240647554397583 930
1721320659581 0.4422456920146942 931
1721320659615 0.44204962253570557 932
1721320659644 0.4418986439704895 933
1721320659671 0.4417910873889923 934
1721320659731 0.44145846366882324 936
1721320659703 0.44161027669906616 935
1721320659789 0.4411422610282898 938
1721320659760 0.44130146503448486 937
1721320659821 0.4409823417663574 939
1721320659883 0.44068849086761475 941
1721320659853 0.440842866897583 940
1721320659985 0.4403928816318512 943
1721320659911 0.4405359923839569 942
1721320660072 0.44001373648643494 946
1721320660043 0.44009754061698914 945
1721320660131 0.4396675229072571 948
1721320660014 0.4402497708797455 944
1721320660165 0.4395475387573242 949
1721320660099 0.4398331046104431 947
1721320660193 0.4393879771232605 950
1721320660225 0.43923279643058777 951
1721320660343 0.438825786113739 954
1721320660372 0.43865782022476196 955
1721320660254 0.4390953481197357 952
1721320660443 0.4383760094642639 957
1721320660311 0.43894898891448975 953
1721320660412 0.43851208686828613 956
1721320660519 0.4380648732185364 959
1721320660482 0.4382249712944031 958
1721320660552 0.43793004751205444 960
1721320660673 0.43734946846961975 964
1721320660611 0.43764203786849976 962
1721320660700 0.43719911575317383 965
1721320660637 0.4374864101409912 963
1721320660763 0.4369347095489502 967
1721320660830 0.436782568693161 968
1721320660730 0.4370928406715393 966
1721320660863 0.4366348683834076 969
1721320660901 0.4364922046661377 970
1721320660958 0.4362308084964752 972
1721320660930 0.43636104464530945 971
1721320661018 0.4359448254108429 974
1721320661080 0.43567416071891785 976
1721320661047 0.43579092621803284 975
1721320660991 0.43609175086021423 973
1721320661110 0.43551695346832275 977
1721320661145 0.4353684186935425 978
1721320661173 0.43522948026657104 979
1721320661206 0.4350828528404236 980
1721320661271 0.4347996115684509 982
1721320661302 0.43467575311660767 983
1721320661241 0.4349510073661804 981
1721320661336 0.43454480171203613 984
1721320661367 0.4344075918197632 985
1721320661395 0.43424779176712036 986
1721320661451 0.4339812099933624 988
1721320661423 0.4341332018375397 987
1721320661518 0.43385082483291626 989
1721320661550 0.43371230363845825 990
1721320661649 0.4333078861236572 993
1721320661612 0.433444082736969 992
1721320661577 0.43358489871025085 991
1721320661708 0.4330486059188843 995
1721320661679 0.4331825077533722 994
1721320661742 0.4329071640968323 996
1721320661800 0.43261435627937317 998
1721320661770 0.43275922536849976 997
1721320661834 0.4325202405452728 999
