1721322355460 0.5 0
1721322355502 0.0 1
1721322355557 0.0 2
1721322355624 0.0 3
1721322355691 0.0 4
1721322355759 0.0 5
1721322355884 0.0 7
1721322355956 0.0 8
1721322356094 0.0 10
1721322355817 0.0 6
1721322356027 0.0 9
1721322356163 0.0 11
1721322356221 0.0 12
1721322356415 0.0 15
1721322356283 0.0 13
1721322356351 0.0 14
1721322356647 0.0 19
1721322356476 0.0 16
1721322356699 0.0 20
1721322356537 0.0 17
1721322356593 0.0 18
1721322356758 0.0 21
1721322356820 0.0 22
1721322356881 0.0 23
1721322356929 0.0 24
1721322356985 0.0 25
1721322357091 0.0 27
1721322357037 0.0 26
1721322357195 0.0 29
1721322357242 0.0 30
1721322357509 0.0 35
1721322357455 0.0 34
1721322357292 0.0 31
1721322357343 0.0 32
1721322357400 0.0 33
1721322357568 0.0 36
1721322357669 0.0 38
1721322357611 0.0 37
1721322357722 0.0 39
1721322357782 0.0 41
1721322357754 0.0 40
1721322357836 0.0 43
1721322357807 0.0 42
1721322357889 0.25 45
1721322357940 0.25 47
1721322357914 0.25 46
1721322357967 0.25 48
1721322357992 0.25 49
1721322358019 0.25 50
1721322358045 0.25 51
1721322358124 0.25 54
1721322358071 0.25 52
1721322358096 0.25 53
1721322358177 0.25 56
1721322358205 0.25 57
1721322358151 0.25 55
1721322358232 0.25 58
1721322358259 0.25 59
1721322358288 0.25 60
1721322358340 0.25 62
1721322358369 0.25 63
1721322358492 0.25 66
1721322358525 0.25 67
1721322358315 0.25 61
1721322358397 0.25 64
1721322358424 0.25 65
1721322358550 0.25 68
1721322358580 0.25 69
1721322358606 0.25 70
1721322358632 0.25 71
1721322358688 0.25 73
1721322358658 0.25 72
1721322358742 0.25 75
1721322358773 0.25 76
1721322358714 0.25 74
1721322358824 0.25 78
1721322358799 0.25 77
1721322358853 0.25 79
1721322358883 0.25 80
1721322358923 0.25 81
1721322359026 0.25 84
1721322359094 0.25 86
1721322359063 0.25 85
1721322358993 0.25 83
1721322358961 0.25 82
1721322359167 0.25 88
1721322359130 0.25 87
1721322359206 0.25 89
1721322359241 0.25 90
1721322359271 0.25 91
1721322359298 0.25 92
1721322359408 0.25 96
1721322359354 0.25 94
1721322359326 0.25 93
1721322359381 0.25 95
1721322359436 0.25 97
1721322359463 0.25 98
1721322359490 0.25 99
1721322359517 0.25 100
1721322359638 0.25 103
1721322359697 0.25 105
1721322359668 0.25 104
1721322359604 0.25 102
1721322359544 0.25 101
1721322359724 0.25 106
1721322359752 0.25 107
1721322359779 0.25 108
1721322359806 0.25 109
1721322359832 0.25 110
1721322359857 0.25 111
1721322359913 0.25 113
1721322359886 0.25 112
1721322359944 0.25 114
1721322359999 0.25 116
1721322359972 0.25 115
1721322360028 0.25 117
1721322360055 0.25 118
1721322360082 0.25 119
1721322360108 0.25 120
1721322360135 0.25 121
1721322360160 0.25 122
1721322360188 0.25 123
1721322360244 0.25 125
1721322360215 0.25 124
1721322360300 0.25 127
1721322360326 0.25 128
1721322360272 0.25 126
1721322360357 0.25 129
1721322360384 0.25 130
1721322360543 0.25 134
1721322360411 0.25 131
1721322360440 0.25 132
1721322360515 0.25 133
1721322360574 0.25 135
1721322360603 0.25 136
1721322360658 0.25 138
1721322360631 0.25 137
1721322360689 0.25 139
1721322360719 0.25 140
1721322360748 0.25 141
1721322360773 0.25 142
1721322360827 0.25 144
1721322360801 0.25 143
1721322360853 0.25 145
1721322360943 0.25 147
1721322360878 0.25 146
1721322360968 0.25 148
1721322360994 0.25 149
1721322361021 0.25 150
1721322361072 0.25 152
1721322361046 0.25 151
1721322361126 0.25 154
1721322361100 0.25 153
1721322361210 0.25 157
1721322361184 0.25 156
1721322361262 0.25 159
1721322361290 0.25 160
1721322361236 0.25 158
1721322361315 0.25 161
1721322361369 0.25 163
1721322361396 0.25 164
1721322361422 0.25 165
1721322361449 0.25 166
1721322361479 0.25 167
1721322361560 0.25 170
1721322361533 0.25 169
1721322361507 0.25 168
1721322361586 0.25 171
1721322361638 0.25 173
1721322361612 0.25 172
1721322361666 0.25 174
1721322361691 0.25 175
1721322361718 0.25 176
1721322361744 0.25 177
1721322361771 0.25 178
1721322361797 0.25 179
1721322361849 0.25 181
1721322361822 0.25 180
1721322361874 0.25 182
1721322361994 0.25 185
1721322361901 0.25 183
1721322361959 0.25 184
1721322362024 0.25 186
1721322362050 0.25 187
1721322362079 0.25 188
1721322362110 0.25 189
1721322362138 0.25 190
1721322362196 0.25 192
1721322362167 0.25 191
1721322362221 0.25 193
1721322362247 0.25 194
1721322362272 0.25 195
1721322362329 0.25 197
1721322362302 0.25 196
1721322362355 0.25 198
1721322362381 0.25 199
1721322362408 0.25 200
1721322362436 0.25 201
1721322362488 0.25 203
1721322362462 0.25 202
1721322362513 0.25 204
1721322362540 0.25 205
1721322362566 0.25 206
1721322362619 0.25 208
1721322362591 0.25 207
1721322362648 0.25 209
1721322362730 0.25 212
1721322362703 0.25 211
1721322362675 0.25 210
1721322362756 0.25 213
1721322362782 0.25 214
1721322362902 0.25 217
1721322362841 0.25 215
1721322362930 0.25 218
1721322362876 0.25 216
1721322362955 0.25 219
1721322362984 0.25 220
1721322363009 0.25 221
1721322363064 0.25 223
1721322363036 0.25 222
1721322363117 0.25 225
1721322363090 0.25 224
1721322363195 0.25 228
1721322363169 0.25 227
1721322363143 0.25 226
1721322363221 0.25 229
1721322363276 0.25 231
1721322363251 0.25 230
1721322363303 0.25 232
1721322363329 0.25 233
1721322363356 0.25 234
1721322363385 0.25 235
1721322363413 0.25 236
1721322363439 0.25 237
1721322363472 0.25 238
1721322363498 0.25 239
1721322363525 0.25 240
1721322363553 0.25 241
1721322363589 0.25 242
1721322363663 0.25 243
1721322363698 0.25 244
1721322363731 0.25 245
1721322363763 0.25 246
1721322363791 0.25 247
1721322363823 0.25 248
1721322363872 0.25 249
1721322363904 0.25 250
1721322363935 0.25 251
1721322363965 0.25 252
1721322363993 0.25 253
1721322364025 0.25 254
1721322364054 0.25 255
1721322364082 0.25 256
1721322364108 0.25 257
1721322364163 0.25 259
1721322364136 0.25 258
1721322364220 0.25 261
1721322364189 0.25 260
1721322364251 0.25 262
1721322364278 0.25 263
1721322364307 0.25 264
1721322364335 0.25 265
1721322364361 0.25 266
1721322364387 0.25 267
1721322364411 0.25 268
1721322364440 0.25 269
1721322364467 0.25 270
1721322364524 0.25 271
1721322364557 0.25 272
1721322364584 0.25 273
1721322364616 0.25 274
1721322364641 0.25 275
1721322364670 0.25 276
1721322364696 0.25 277
1721322364802 0.25 281
1721322364749 0.25 279
1721322364723 0.25 278
1721322364776 0.25 280
1721322364828 0.25 282
1721322364879 0.25 284
1721322364854 0.25 283
1721322364904 0.25 285
1721322364932 0.25 286
1721322364957 0.25 287
1721322365012 0.25 289
1721322364982 0.25 288
1721322365040 0.25 290
1721322365066 0.25 291
1721322365094 0.25 292
1721322365400 0.25 294
1721322365346 0.25 293
1721322365431 0.25 295
1721322365457 0.25 296
1721322365489 0.25 297
1721322365521 0.25 298
1721322365555 0.25 299
1721322365584 0.25 300
1721322365616 0.25 301
1721322365652 0.25 302
1721322365722 0.25 304
1721322365753 0.25 305
1721322365684 0.25 303
1721322365787 0.25 306
1721322365850 0.25 308
1721322365914 0.25 310
1721322365818 0.25 307
1721322365881 0.25 309
1721322365945 0.25 311
1721322366046 0.25 314
1721322365979 0.25 312
1721322366013 0.25 313
1721322366080 0.25 315
1721322366117 0.25 316
1721322366178 0.25 317
1721322366247 0.25 319
1721322366280 0.25 320
1721322366215 0.25 318
1721322366343 0.25 322
1721322366312 0.25 321
1721322366378 0.25 323
1721322366450 0.25 325
1721322366419 0.25 324
1721322366481 0.25 326
1721322366512 0.25 327
1721322366615 0.25 330
1721322366548 0.25 328
1721322366647 0.25 331
1721322366581 0.25 329
1721322366716 0.25 333
1721322366686 0.25 332
1721322366749 0.25 334
1721322366784 0.25 335
1721322366820 0.25 336
1721322366855 0.25 337
1721322366932 0.25 338
1721322366968 0.25 339
1721322367000 0.25 340
1721322367034 0.25 341
1721322367068 0.25 342
1721322367100 0.25 343
1721322367202 0.25 346
1721322367169 0.25 345
1721322367134 0.25 344
1721322367236 0.25 347
1721322367268 0.25 348
1721322367303 0.25 349
1721322367339 0.25 350
1721322367477 0.25 354
1721322367379 0.25 351
1721322367443 0.25 353
1721322367509 0.25 355
1721322367408 0.25 352
1721322367541 0.25 356
1721322367572 0.25 357
1721322367642 0.25 358
1721322367753 0.25 361
1721322367783 0.25 362
1721322367879 0.25 365
1721322367815 0.25 363
1721322367688 0.25 359
1721322367848 0.25 364
1721322367720 0.25 360
1721322367912 0.25 366
1721322367944 0.25 367
1721322367975 0.25 368
1721322368061 0.25 370
1721322368128 0.25 372
1721322368019 0.25 369
1721322368095 0.25 371
1721322368163 0.25 373
1721322368194 0.25 374
1721322368230 0.25 375
1721322368300 0.25 376
1721322368338 0.25 377
1721322368374 0.25 378
1721322368410 0.25 379
1721322368443 0.25 380
1721322368473 0.25 381
1721322368505 0.25 382
1721322368610 0.25 385
1721322368571 0.25 384
1721322368640 0.25 386
1721322368704 0.25 388
1721322368670 0.25 387
1721322368737 0.25 389
1721322368770 0.25 390
1721322368802 0.25 391
1721322368870 0.25 393
1721322368833 0.25 392
1721322368939 0.25 394
1721322369007 0.25 396
1721322368975 0.25 395
1721322369040 0.25 397
1721322369167 0.25 401
1721322369136 0.25 400
1721322369104 0.25 399
1721322369199 0.25 402
1721322369234 0.25 403
1721322369267 0.25 404
1721322369297 0.25 405
1721322369328 0.25 406
1721322369401 0.25 408
1721322369364 0.25 407
1721322369469 0.25 410
1721322369439 0.25 409
1721322369503 0.25 411
1721322369575 0.25 412
1721322369609 0.25 413
1721322369677 0.25 415
1721322369711 0.25 416
1721322369643 0.25 414
1721322369744 0.25 417
1721322369778 0.25 418
1721322369810 0.25 419
1721322369842 0.25 420
1721322369904 0.25 422
1721322369934 0.25 423
1721322369871 0.25 421
1721322369967 0.25 424
1721322370000 0.25 425
1721322370034 0.25 426
1721322370065 0.25 427
1721322370098 0.25 428
1721322370130 0.25 429
1721322370294 0.25 430
1721322370368 0.25 431
1721322370412 0.25 432
1721322370512 0.25 435
1721322370477 0.25 434
1721322370546 0.25 436
1721322370663 0.25 438
1721322370581 0.25 437
1721322370696 0.25 439
1721322370735 0.25 440
1721322370771 0.25 441
1721322370806 0.25 442
1721322370910 0.25 445
1721322370839 0.25 443
1721322370872 0.25 444
1721322370946 0.25 446
1721322370990 0.25 447
1721322371081 0.25 448
1721322371182 0.25 451
1721322371151 0.25 450
1721322371118 0.25 449
1721322371210 0.25 452
1721322371237 0.25 453
1721322371265 0.25 454
1721322371296 0.25 455
1721322371325 0.25 456
1721322371354 0.25 457
1721322371383 0.25 458
1721322371441 0.25 460
1721322371470 0.25 461
1721322371413 0.25 459
1721322371499 0.25 462
1721322371536 0.25 463
1721322371573 0.25 464
1721322371636 0.25 465
1721322371669 0.25 466
1721322371727 0.25 468
1721322371699 0.25 467
1721322371816 0.25 471
1721322371788 0.25 470
1721322371761 0.25 469
1721322371845 0.25 472
1721322371873 0.25 473
1721322371901 0.25 474
1721322371929 0.25 475
1721322371959 0.25 476
1721322371987 0.25 477
1721322372016 0.25 478
1721322372082 0.25 479
1721322372116 0.25 480
1721322372143 0.25 481
1721322372170 0.25 482
1721322372198 0.25 483
1721322372224 0.25 484
1721322372257 0.25 485
1721322372289 0.25 486
1721322372345 0.25 488
1721322372316 0.25 487
1721322372383 0.25 489
1721322372471 0.25 492
1721322372440 0.25 491
1721322372412 0.25 490
1721322372499 0.25 493
1721322372550 0.25 495
1721322372524 0.25 494
1721322372578 0.25 496
1721322372608 0.25 497
1721322372669 0.25 498
1721322372694 0.25 499
1721322372722 0.25 500
1721322372802 0.25 503
1721322372750 0.25 501
1721322372830 0.25 504
1721322372775 0.25 502
1721322372858 0.25 505
1721322372886 0.25 506
1721322372912 0.25 507
1721322372942 0.25 508
1721322372999 0.25 510
1721322372971 0.25 509
1721322373148 0.25 514
1721322373027 0.25 511
1721322373055 0.25 512
1721322373118 0.25 513
1721322373174 0.25 515
1721322373229 0.5 517
1721322373203 0.5 516
1721322373255 0.5 518
1721322373306 0.5 520
1721322373282 0.5 519
1721322373360 0.5 522
1721322373387 0.5 523
1721322373333 0.5 521
1721322373414 0.5 524
1721322373440 0.5 525
1721322373469 0.5 526
1721322373498 0.5 527
1721322373529 0.5 528
1721322373554 0.5 529
1721322373640 0.5 531
1721322373611 0.5 530
1721322373692 0.5 533
1721322373666 0.5 532
1721322373719 0.5 534
1721322373749 0.5 535
1721322373775 0.5 536
1721322373804 0.5 537
1721322373830 0.5 538
1721322373909 0.5 541
1721322373857 0.5 539
1721322373883 0.5 540
1721322373937 0.5 542
1721322373964 0.5 543
1721322374090 0.5 546
1721322373990 0.5 544
1721322374117 0.5 547
1721322374060 0.5 545
1721322374147 0.5 548
1721322374201 0.5 550
1721322374173 0.5 549
1721322374230 0.5 551
1721322374256 0.5 552
1721322374283 0.5 553
1721322374311 0.5 554
1721322374338 0.5 555
1721322374364 0.5 556
1721322374391 0.5 557
1721322374455 0.5 558
1721322374488 0.5 559
1721322374515 0.5 560
1721322374565 0.5 562
1721322374540 0.5 561
1721322374598 0.5 563
1721322374623 0.5 564
1721322374678 0.5 566
1721322374651 0.5 565
1721322374704 0.5 567
1721322374759 0.5 569
1721322374733 0.5 568
1721322374812 0.5 571
1721322374787 0.5 570
1721322374838 0.5 572
1721322374866 0.5 573
1721322374919 0.5 575
1721322374892 0.5 574
1721322374983 0.5 576
1721322375045 0.5 578
1721322375014 0.5 577
1721322375074 0.5 579
1721322375102 0.5 580
1721322375134 0.5 581
1721322375163 0.5 582
1721322375191 0.5 583
1721322375217 0.5 584
1721322375242 0.5 585
1721322375269 0.5 586
1721322375325 0.5 588
1721322375385 0.5 589
1721322375295 0.5 587
1721322375492 0.5 593
1721322375414 0.5 590
1721322375439 0.5 591
1721322375517 0.5 594
1721322375467 0.5 592
1721322375570 0.5 596
1721322375602 0.5 597
1721322375544 0.5 595
1721322375656 0.5 599
1721322375628 0.5 598
1721322375683 0.5 600
1721322375711 0.5 601
1721322375739 0.5 602
1721322375792 0.5 604
1721322375844 0.5 606
1721322375766 0.5 603
1721322375818 0.5 605
1721322375926 0.5 609
1721322375870 0.5 607
1721322375898 0.5 608
1721322375954 0.5 610
1721322376044 0.5 612
1721322376008 0.5 611
1721322376071 0.5 613
1721322376123 0.5 615
1721322376098 0.5 614
1721322376150 0.5 616
1721322376176 0.5 617
1721322376201 0.5 618
1721322376229 0.5 619
1721322376255 0.5 620
1721322376311 0.5 622
1721322376283 0.5 621
1721322376365 0.5 624
1721322376338 0.5 623
1721322376419 0.5 626
1721322376391 0.5 625
1721322376514 0.5 628
1721322376481 0.5 627
1721322376568 0.5 630
1721322376541 0.5 629
1721322376593 0.5 631
1721322376620 0.5 632
1721322376646 0.5 633
1721322376699 0.5 635
1721322376724 0.5 636
1721322376672 0.5 634
1721322376754 0.5 637
1721322376781 0.5 638
1721322376811 0.5 639
1721322376837 0.5 640
1721322376921 0.5 643
1721322376863 0.5 641
1721322376948 0.5 644
1721322376889 0.5 642
1721322377001 0.5 646
1721322376974 0.5 645
1721322377028 0.5 647
1721322377118 0.5 649
1721322377090 0.5 648
1721322377144 0.5 650
1721322377171 0.5 651
1721322377250 0.5 654
1721322377197 0.5 652
1721322377224 0.5 653
1721322377311 0.5 656
1721322377279 0.5 655
1721322377343 0.5 657
1721322377371 0.5 658
1721322377397 0.5 659
1721322377423 0.5 660
1721322377477 0.5 662
1721322377450 0.5 661
1721322377651 0.5 666
1721322377562 0.5 663
1721322377596 0.5 664
1721322377623 0.5 665
1721322377679 0.5 667
1721322377706 0.5 668
1721322377735 0.5 669
1721322377761 0.5 670
1721322377788 0.5 671
1721322377814 0.5 672
1721322377901 0.5 675
1721322377845 0.5 673
1721322377927 0.5 676
1721322377953 0.5 677
1721322377980 0.5 678
1721322378007 0.5 679
1721322378035 0.5 680
1721322378065 0.5 681
1721322378091 0.5 682
1721322378160 0.5 683
1721322378187 0.5 684
1721322378273 0.5 687
1721322378212 0.5 685
1721322378246 0.5 686
1721322378301 0.5 688
1721322378329 0.5 689
1721322378355 0.5 690
1721322378412 0.5 692
1721322378383 0.5 691
1721322378438 0.5 693
1721322378491 0.5 695
1721322378516 0.5 696
1721322378542 0.5 697
1721322378571 0.5 698
1721322378602 0.5 699
1721322378721 0.5 701
1721322378637 0.5 700
1721322378811 0.5 703
1721322378778 0.5 702
1721322378848 0.5 704
1721322378876 0.5 705
1721322378903 0.5 706
1721322378930 0.5 707
1721322378958 0.5 708
1721322378998 0.5 709
1721322379028 0.5 710
1721322379057 0.5 711
1721322379120 0.5 713
1721322379154 0.5 714
1721322379090 0.5 712
1721322379185 0.5 715
1721322379213 0.5 716
1721322379239 0.5 717
1721322379324 0.5 718
1721322379350 0.5 719
1721322379403 0.5 721
1721322379376 0.5 720
1721322379484 0.5 724
1721322379428 0.5 722
1721322379457 0.5 723
1721322379536 0.5 726
1721322379510 0.5 725
1721322379588 0.5 728
1721322379563 0.5 727
1721322379624 0.5 729
1721322379650 0.5 730
1721322379742 0.5 733
1721322379677 0.5 731
1721322379809 0.5 735
1721322379703 0.5 732
1721322379780 0.5 734
1721322379836 0.5 736
1721322379895 0.5 737
1721322379923 0.5 738
1721322379949 0.5 739
1721322380033 0.5 742
1721322379974 0.5 740
1721322380007 0.5 741
1721322380063 0.5 743
1721322380119 0.5 745
1721322380092 0.5 744
1721322380148 0.5 746
1721322380173 0.5 747
1721322380200 0.5 748
1721322380226 0.5 749
1721322380278 0.5 751
1721322380252 0.5 750
1721322380304 0.5 752
1721322380358 0.5 754
1721322380454 0.5 756
1721322380597 0.5 761
1721322380626 0.5 762
1721322380651 0.5 763
1721322380709 0.5 765
1721322380479 0.5 757
1721322380568 0.5 760
1721322380736 0.5 766
1721322380332 0.5 753
1721322380798 0.5 768
1721322380765 0.5 767
1721322380509 0.5 758
1721322380424 0.5 755
1721322380824 0.5 769
1721322380539 0.5 759
1721322380981 0.5 773
1721322380883 0.5 771
1721322380854 0.5 770
1721322380949 0.5 772
1721322381006 0.5 774
1721322381033 0.5 775
1721322381058 0.5 776
1721322381113 0.5 778
1721322381139 0.5 779
1721322381200 0.5 781
1721322381165 0.5 780
1721322381261 0.5 783
1721322381230 0.5 782
1721322381286 0.5 784
1721322381339 0.5 786
1721322381312 0.5 785
1721322381365 0.5 787
1721322381395 0.5 788
1721322381461 0.5 789
1721322381493 0.5 790
1721322381519 0.5 791
1721322381551 0.5 792
1721322381606 0.5 794
1721322381578 0.5 793
1721322381667 0.5 796
1721322381692 0.5 797
1721322381638 0.5 795
1721322381720 0.5 798
1721322381753 0.5 799
1721322381781 0.5 800
1721322381846 0.5 801
1721322381876 0.5 802
1721322381929 0.5 804
1721322381903 0.5 803
1721322382086 0.5 808
1721322381967 0.5 805
1721322382000 0.5 806
1721322382322 0.5 814
1721322382050 0.5 807
1721322382120 0.5 809
1721322382361 0.5 815
1721322382233 0.5 811
1721322382187 0.5 810
1721322382265 0.5 812
1721322382294 0.5 813
1721322382390 0.5 816
1721322382423 0.5 817
1721322382463 0.5 818
1721322382592 0.5 820
1721322382674 0.5 822
1721322382638 0.5 821
1721322382544 0.5 819
1721322382709 0.5 823
1721322382744 0.5 824
1721322382781 0.5 825
1721322382823 0.5 826
1721322382864 0.5 827
1721322382986 0.5 829
1721322382945 0.5 828
1721322383016 0.5 830
1721322383162 0.5 833
1721322383121 0.5 832
1721322383088 0.5 831
1721322383213 0.5 834
1721322383640 0.5 836
1721322383337 0.5 835
1721322383756 0.5 837
1721322383888 0.5 840
1721322383806 0.5 838
1721322383847 0.5 839
1721322384015 0.5 842
1721322384143 0.5 844
1721322384044 0.5 843
1721322383932 0.5 841
1721322384235 0.5 846
1721322384203 0.5 845
1721322384280 0.5 847
1721322384318 0.5 848
1721322384393 0.5 850
1721322384356 0.5 849
1721322384430 0.5 851
1721322384468 0.5 852
1721322384500 0.5 853
1721322384582 0.5 854
1721322384622 0.5 855
1721322384665 0.5 856
1721322384747 0.5 858
1721322384706 0.5 857
1721322384783 0.5 859
1721322384829 0.5 860
1721322384906 0.5 861
1721322385104 0.5 864
1721322384978 0.5 862
1721322385059 0.5 863
1721322385147 0.5 865
1721322385181 0.5 866
1721322385216 0.5 867
1721322385250 0.5 868
1721322385329 0.5 870
1721322385288 0.5 869
1721322385368 0.5 871
1721322385401 0.5 872
1721322385473 0.5 874
1721322385521 0.5 875
1721322385571 0.5 876
1721322385676 0.5 877
1721322385752 0.5 879
1721322385885 0.5 882
1721322385932 0.5 883
1721322385722 0.5 878
1721322385806 0.5 880
1721322385971 0.5 884
1721322385846 0.5 881
1721322386042 0.5 886
1721322386074 0.5 887
1721322386004 0.5 885
1721322386248 0.5 888
1721322386408 0.5 892
1721322386373 0.5 891
1721322386292 0.5 889
1721322386332 0.5 890
1721322386442 0.5 893
1721322386482 0.5 894
1721322386599 0.5 897
1721322386515 0.5 895
1721322386550 0.5 896
1721322386673 0.5 898
1721322386861 0.5 900
1721322386811 0.5 899
1721322386985 0.5 902
1721322387042 0.5 903
1721322386915 0.5 901
1721322387096 0.5 904
1721322387187 0.5 906
1721322387141 0.5 905
1721322387227 0.5 907
1721322387338 0.5 910
1721322387466 0.5 912
1721322387296 0.5 909
1721322387420 0.5 911
1721322387264 0.5 908
1721322387506 0.5 913
1721322387555 0.5 914
1721322387596 0.5 915
1721322387639 0.5 916
1721322387681 0.5 917
1721322387749 0.5 919
1721322387937 0.5 922
1721322387716 0.5 918
1721322387841 0.5 921
1721322387801 0.5 920
1721322387980 0.5 923
1721322388011 0.5 924
1721322388050 0.5 925
1721322388086 0.5 926
1721322388123 0.5 927
1721322388199 0.5 929
1721322388157 0.5 928
1721322388337 0.5 931
1721322388285 0.5 930
1721322388370 0.5 932
1721322388445 0.5 933
1721322388485 0.5 934
1721322388532 0.5 935
1721322388595 0.5 936
1721322388634 0.5 937
1721322388670 0.5 938
1721322388788 0.5 940
1721322388897 0.5 943
1721322388749 0.5 939
1721322388820 0.5 941
1721322388863 0.5 942
1721322388933 0.5 944
1721322388972 0.5 945
1721322389036 0.5 947
1721322389004 0.5 946
1721322389129 0.5 948
1721322389166 0.5 949
1721322389198 0.5 950
1721322389238 0.5 951
1721322389275 0.5 952
1721322389313 0.5 953
1721322389354 0.5 954
1721322389480 0.5 956
1721322389395 0.5 955
1721322389593 0.5 958
1721322389522 0.5 957
1721322389672 0.5 960
1721322389718 0.5 961
1721322389779 0.5 962
1721322389635 0.5 959
1721322389830 0.5 963
1721322389876 0.5 964
1721322389922 0.5 965
1721322389965 0.5 966
1721322390043 0.5 968
1721322390080 0.5 969
1721322390116 0.5 970
1721322390151 0.5 971
1721322390237 0.5 973
1721322390195 0.5 972
1721322390341 0.5 974
1721322390446 0.5 976
1721322390403 0.5 975
1721322390485 0.5 977
1721322390536 0.5 978
1721322390576 0.5 979
1721322390616 0.5 980
1721322390777 0.5 984
1721322390659 0.5 981
1721322390696 0.5 982
1721322390736 0.5 983
1721322390811 0.5 985
1721322390927 0.5 988
1721322390850 0.5 986
1721322390885 0.5 987
1721322390966 0.5 989
1721322391022 0.5 990
1721322391069 0.5 991
1721322391104 0.5 992
1721322391145 0.5 993
1721322391178 0.5 994
1721322391346 0.5 997
1721322391260 0.5 995
1721322391307 0.5 996
1721322391376 0.5 998
1721322391417 0.5 999
