1721322355460 0.8559573292732239 0
1721322355502 0.8551850318908691 1
1721322355624 0.8536478281021118 3
1721322355557 0.8544151186943054 2
1721322355691 0.8528832793235779 4
1721322355759 0.8521212935447693 5
1721322355956 0.8498518466949463 8
1721322355884 0.8506055474281311 7
1721322355817 0.8513620495796204 6
1721322356027 0.8491010069847107 9
1721322356094 0.8483530282974243 10
1721322356163 0.8476078510284424 11
1721322356221 0.8468655943870544 12
1721322356415 0.8446565270423889 15
1721322356283 0.8461263179779053 13
1721322356351 0.8453899025917053 14
1721322356647 0.8417534828186035 19
1721322356699 0.8410353660583496 20
1721322356476 0.843926191329956 16
1721322356537 0.8431988954544067 17
1721322356593 0.842474639415741 18
1721322356881 0.8388997912406921 23
1721322356929 0.8381942510604858 24
1721322356820 0.8396085500717163 22
1721322356985 0.8374917507171631 25
1721322356758 0.8403204083442688 21
1721322357138 0.835403323173523 28
1721322357091 0.8360962867736816 27
1721322357195 0.8347135186195374 29
1721322357037 0.8367924094200134 26
1721322357242 0.8340268731117249 30
1721322357509 0.8306410312652588 35
1721322357292 0.8333433866500854 31
1721322357400 0.8319858908653259 33
1721322357343 0.8326629996299744 32
1721322357455 0.8313119411468506 34
1721322357568 0.8299733996391296 36
1721322357611 0.829308807849884 37
1721322357669 0.8286474943161011 38
1721322357722 0.8279892206192017 39
1721322357782 0.8266820907592773 41
1721322357860 0.8247443437576294 44
1721322357754 0.8273340463638306 40
1721322357836 0.825387179851532 43
1721322357807 0.8260331153869629 42
1721322357889 0.8241046667098999 45
1721322357914 0.8234679102897644 46
1721322357940 0.822834312915802 47
1721322357967 0.8222035765647888 48
1721322357992 0.8215759992599487 49
1721322358019 0.8209512829780579 50
1721322358045 0.8203296065330505 51
1721322358071 0.8197107911109924 52
1721322358096 0.8190950155258179 53
1721322358124 0.8184821009635925 54
1721322358177 0.8172649145126343 56
1721322358205 0.8166606426239014 57
1721322358151 0.8178721070289612 55
1721322358232 0.8160591721534729 58
1721322358259 0.8154605627059937 59
1721322358288 0.8148647546768188 60
1721322358340 0.8136813640594482 62
1721322358369 0.8130937218666077 63
1721322358492 0.8113473653793335 66
1721322358525 0.810770571231842 67
1721322358315 0.8142716884613037 61
1721322358424 0.8119267821311951 65
1721322358397 0.8125089406967163 64
1721322358550 0.8101963400840759 68
1721322358580 0.8096247911453247 69
1721322358606 0.809055745601654 70
1721322358632 0.8084893822669983 71
1721322358688 0.8073641657829285 73
1721322358658 0.8079254627227783 72
1721322358773 0.8056949973106384 76
1721322358742 0.8062489032745361 75
1721322358714 0.8068053126335144 74
1721322358799 0.8051434755325317 77
1721322358824 0.8045944571495056 78
1721322358853 0.804047703742981 79
1721322358883 0.8035033941268921 80
1721322358923 0.8029614090919495 81
1721322359094 0.8002856969833374 86
1721322359026 0.8013492822647095 84
1721322359063 0.8008164167404175 85
1721322358993 0.8018844127655029 83
1721322358961 0.8024217486381531 82
1721322359167 0.7992310523986816 88
1721322359130 0.7997572422027588 87
1721322359206 0.7987068891525269 89
1721322359241 0.798184871673584 90
1721322359271 0.7976649403572083 91
1721322359408 0.7952208518981934 96
1721322359354 0.7961175441741943 94
1721322359298 0.7971471548080444 92
1721322359326 0.796631395816803 93
1721322359436 0.7948064804077148 97
1721322359381 0.7956370115280151 95
1721322359463 0.7943938970565796 98
1721322359490 0.7939830422401428 99
1721322359638 0.7923564910888672 103
1721322359517 0.7935738563537598 100
1721322359604 0.7927606105804443 102
1721322359697 0.7915533781051636 105
1721322359544 0.7931663393974304 101
1721322359668 0.7919541001319885 104
1721322359724 0.7911543250083923 106
1721322359752 0.7907567620277405 107
1721322359779 0.7903609871864319 108
1721322359806 0.7899667620658875 109
1721322359832 0.7895740866661072 110
1721322359857 0.7891831994056702 111
1721322359913 0.7884058952331543 113
1721322359886 0.788793683052063 112
1721322359944 0.7880195379257202 114
1721322359999 0.7872517108917236 116
1721322360055 0.7864899635314941 118
1721322360028 0.7868701219558716 117
1721322359972 0.7876349091529846 115
1721322360082 0.7861114740371704 119
1721322360108 0.7857344150543213 120
1721322360135 0.7853588461875916 121
1721322360188 0.7846122980117798 123
1721322360160 0.784984827041626 122
1721322360244 0.7838714122772217 125
1721322360215 0.7842410802841187 124
1721322360300 0.7831365466117859 127
1721322360272 0.7835032939910889 126
1721322360357 0.7824073433876038 129
1721322360384 0.7820449471473694 130
1721322360543 0.780609130859375 134
1721322360411 0.7816839218139648 131
1721322360440 0.7813242673873901 132
1721322360515 0.78096604347229 133
1721322360574 0.7802536487579346 135
1721322360603 0.7798995971679688 136
1721322360658 0.7791953682899475 138
1721322360631 0.7795467972755432 137
1721322360689 0.7788453698158264 139
1721322360719 0.7784966230392456 140
1721322360748 0.7781491875648499 141
1721322360773 0.7778031229972839 142
1721322360827 0.7771148681640625 144
1721322360801 0.7774583101272583 143
1721322360853 0.7767726182937622 145
1721322360943 0.776091992855072 147
1721322360878 0.7764317393302917 146
1721322360968 0.7757537364959717 148
1721322360994 0.7754166126251221 149
1721322361021 0.775080680847168 150
1721322361072 0.7744126319885254 152
1721322361158 0.7734197378158569 155
1721322361046 0.7747460603713989 151
1721322361126 0.7737494707107544 154
1721322361100 0.7740803956985474 153
1721322361210 0.7727639079093933 157
1721322361184 0.7730912566184998 156
1721322361290 0.7717888951301575 160
1721322361262 0.7721127271652222 159
1721322361236 0.7724376916885376 158
1721322361315 0.7714662551879883 161
1721322361369 0.7708243727684021 163
1721322361340 0.7711447477340698 162
1721322361396 0.7705051302909851 164
1721322361449 0.7698700428009033 166
1721322361422 0.7701870203018188 165
1721322361479 0.7695542573928833 167
1721322361560 0.768613338470459 170
1721322361533 0.7689259052276611 169
1721322361507 0.7692394852638245 168
1721322361586 0.7683018445968628 171
1721322361638 0.7676821351051331 173
1721322361612 0.7679915428161621 172
1721322361666 0.7673739194869995 174
1721322361691 0.7670667171478271 175
1721322361744 0.7664555311203003 177
1721322361718 0.7667605876922607 176
1721322361771 0.7661514282226562 178
1721322361797 0.7658484578132629 179
1721322361849 0.7652454376220703 181
1721322361822 0.765546441078186 180
1721322361874 0.764945387840271 182
1721322361994 0.7640515565872192 185
1721322361901 0.7646465301513672 183
1721322361959 0.7643485069274902 184
1721322362024 0.7637555599212646 186
1721322362050 0.7634605169296265 187
1721322362079 0.7631664276123047 188
1721322362110 0.7628733515739441 189
1721322362138 0.7625812292098999 190
1721322362196 0.761999785900116 192
1721322362167 0.7622901201248169 191
1721322362221 0.761710524559021 193
1721322362247 0.7614221572875977 194
1721322362272 0.7611346244812012 195
1721322362302 0.7608481049537659 196
1721322362329 0.760562539100647 197
1721322362355 0.7602778673171997 198
1721322362381 0.7599940299987793 199
1721322362436 0.7594291567802429 201
1721322362408 0.7597111463546753 200
1721322362488 0.7588677406311035 203
1721322362462 0.7591480016708374 202
1721322362513 0.758588433265686 204
1721322362540 0.7583099603652954 205
1721322362566 0.7580323219299316 206
1721322362619 0.7574795484542847 208
1721322362591 0.7577555179595947 207
1721322362648 0.7572044730186462 209
1721322362730 0.7563843131065369 212
1721322362756 0.7561125159263611 213
1721322362675 0.7569302916526794 210
1721322362703 0.7566568851470947 211
1721322362902 0.7550336122512817 217
1721322362782 0.7558416128158569 214
1721322362841 0.7555714249610901 215
1721322362930 0.7547658681869507 218
1721322362876 0.7553021907806396 216
1721322362955 0.7544990181922913 219
1721322363009 0.7539674639701843 221
1721322362984 0.7542328834533691 220
1721322363064 0.75343918800354 223
1721322363036 0.7537029981613159 222
1721322363117 0.7529139518737793 225
1721322363090 0.753176212310791 224
1721322363169 0.7523916959762573 227
1721322363195 0.7521317005157471 228
1721322363143 0.7526524662971497 226
1721322363221 0.7518724799156189 229
1721322363276 0.7513562440872192 231
1721322363251 0.751613974571228 230
1721322363303 0.7510992288589478 232
1721322363356 0.7505873441696167 234
1721322363385 0.7503325343132019 235
1721322363329 0.750842809677124 233
1721322363413 0.7500783801078796 236
1721322363439 0.7498248815536499 237
1721322363472 0.749572217464447 238
1721322363498 0.7493202686309814 239
1721322363525 0.7490689754486084 240
1721322363553 0.7488182783126831 241
1721322363589 0.7485684156417847 242
1721322363663 0.748319149017334 243
1721322363698 0.7480705976486206 244
1721322363731 0.7478227019309998 245
1721322363763 0.7475755214691162 246
1721322363791 0.7473289966583252 247
1721322363823 0.7470831274986267 248
1721322363872 0.7468379139900208 249
1721322363935 0.7463495135307312 251
1721322363904 0.7465934157371521 250
1721322363965 0.7461063265800476 252
1721322363993 0.7458637952804565 253
1721322364025 0.7456218600273132 254
1721322364054 0.7453805208206177 255
1721322364082 0.7451399564743042 256
1721322364108 0.7448998689651489 257
1721322364163 0.7444217801094055 259
1721322364136 0.744660496711731 258
1721322364220 0.7439461946487427 261
1721322364189 0.7441837191581726 260
1721322364251 0.7437093257904053 262
1721322364278 0.7434729933738708 263
1721322364307 0.743237316608429 264
1721322364335 0.7430022954940796 265
1721322364361 0.7427679300308228 266
1721322364387 0.7425340414047241 267
1721322364411 0.7423008680343628 268
1721322364440 0.7420681715011597 269
1721322364524 0.7416046857833862 271
1721322364467 0.7418361306190491 270
1721322364557 0.7413737773895264 272
1721322364584 0.7411435842514038 273
1721322364641 0.7406847476959229 275
1721322364616 0.7409137487411499 274
1721322364670 0.7404561638832092 276
1721322364696 0.7402281165122986 277
1721322364723 0.7400007247924805 278
1721322364776 0.739547610282898 280
1721322364749 0.7397739291191101 279
1721322364828 0.7390967607498169 282
1721322364879 0.7386480569839478 284
1721322364854 0.7388721108436584 283
1721322364904 0.7384245991706848 285
1721322364932 0.7382016181945801 286
1721322364957 0.7379792332649231 287
1721322365040 0.7373152375221252 290
1721322365012 0.7375360131263733 289
1721322364982 0.7377573847770691 288
1721322365094 0.7368752360343933 292
1721322365066 0.7370949983596802 291
1721322365400 0.7364373803138733 294
1721322365431 0.7362191677093506 295
1721322365346 0.7366559505462646 293
1721322365457 0.7360016107559204 296
1721322365489 0.7357845306396484 297
1721322365555 0.7353517413139343 299
1721322365584 0.7351361513137817 300
1721322365521 0.7355678081512451 298
1721322365616 0.7349210977554321 301
1721322365722 0.7342789173126221 304
1721322365652 0.7347065806388855 302
1721322365753 0.7340658903121948 305
1721322365684 0.7344924807548523 303
1721322365787 0.7338533997535706 306
1721322365850 0.7334297299385071 308
1721322365914 0.7330080270767212 310
1721322365818 0.7336412668228149 307
1721322365881 0.7332186102867126 309
1721322365945 0.7327979803085327 311
1721322365979 0.7325882911682129 312
1721322366046 0.7321705222129822 314
1721322366013 0.7323791980743408 313
1721322366080 0.7319623231887817 315
1721322366117 0.7317546606063843 316
1721322366178 0.7315473556518555 317
1721322366215 0.7313406467437744 318
1721322366280 0.7309284210205078 320
1721322366247 0.731134295463562 319
1721322366343 0.730518102645874 322
1721322366312 0.7307230830192566 321
1721322366378 0.7303136587142944 323
1721322366419 0.730109691619873 324
1721322366450 0.7299060821533203 325
1721322366481 0.7297030091285706 326
1721322366512 0.7295002937316895 327
1721322366615 0.7288951873779297 330
1721322366548 0.7292982339859009 328
1721322366647 0.7286943197250366 331
1721322366716 0.7282938957214355 333
1721322366581 0.7290964126586914 329
1721322366686 0.728493869304657 332
1721322366749 0.7280943393707275 334
1721322366820 0.7276965379714966 336
1721322366784 0.7278952598571777 335
1721322366855 0.7274982929229736 337
1721322366932 0.7273005247116089 338
1721322366968 0.7271031141281128 339
1721322367000 0.7269061803817749 340
1721322367034 0.7267096042633057 341
1721322367068 0.7265135049819946 342
1721322367100 0.7263177633285522 343
1721322367202 0.7257331609725952 346
1721322367169 0.7259275913238525 345
1721322367134 0.7261224985122681 344
1721322367236 0.7255390882492065 347
1721322367268 0.7253454923629761 348
1721322367303 0.7251521944999695 349
1721322367339 0.7249593734741211 350
1721322367443 0.7243833541870117 353
1721322367477 0.7241921424865723 354
1721322367379 0.7247669696807861 351
1721322367408 0.7245749235153198 352
1721322367509 0.7240012884140015 355
1721322367541 0.7238107919692993 356
1721322367572 0.7236207127571106 357
1721322367642 0.7234311103820801 358
1721322367753 0.7228644490242004 361
1721322367783 0.7226762771606445 362
1721322367879 0.7221143245697021 365
1721322367815 0.7224885821342468 363
1721322367688 0.7232418060302734 359
1721322367720 0.7230529189109802 360
1721322367848 0.7223012447357178 364
1721322367912 0.7219277024269104 366
1721322367944 0.7217413783073425 367
1721322367975 0.7215555906295776 368
1721322368019 0.7213699817657471 369
1721322368061 0.7211849689483643 370
1721322368128 0.7208158373832703 372
1721322368163 0.7206317782402039 373
1721322368095 0.7210001945495605 371
1721322368230 0.7202648520469666 375
1721322368194 0.7204481363296509 374
1721322368300 0.7200818061828613 376
1721322368338 0.7198992371559143 377
1721322368374 0.7197170257568359 378
1721322368410 0.7195351719856262 379
1721322368443 0.7193535566329956 380
1721322368473 0.719172477722168 381
1721322368610 0.7184511423110962 385
1721322368505 0.7189915776252747 382
1721322368537 0.7188110947608948 383
1721322368571 0.7186309695243835 384
1721322368640 0.7182716131210327 386
1721322368704 0.7179136276245117 388
1721322368737 0.7177352905273438 389
1721322368670 0.7180924415588379 387
1721322368802 0.7173793315887451 391
1721322368770 0.7175571322441101 390
1721322368870 0.7170246839523315 393
1721322368833 0.7172018885612488 392
1721322368939 0.7168478965759277 394
1721322369007 0.7164952158927917 396
1721322368975 0.7166714072227478 395
1721322369040 0.7163194417953491 397
1721322369072 0.7161438465118408 398
1721322369167 0.7156192064285278 401
1721322369199 0.7154448628425598 402
1721322369136 0.7157937288284302 400
1721322369104 0.715968668460846 399
1721322369234 0.7152708768844604 403
1721322369267 0.7150972485542297 404
1721322369297 0.7149239182472229 405
1721322369328 0.7147508859634399 406
1721322369401 0.7144057154655457 408
1721322369364 0.7145781517028809 407
1721322369469 0.7140617370605469 410
1721322369439 0.7142335176467896 409
1721322369503 0.7138901352882385 411
1721322369609 0.7135480046272278 413
1721322369575 0.7137188911437988 412
1721322369711 0.713036835193634 416
1721322369677 0.7132068872451782 415
1721322369643 0.7133772373199463 414
1721322369744 0.712867021560669 417
1721322369778 0.7126975059509277 418
1721322369810 0.7125283479690552 419
1721322369842 0.7123593688011169 420
1721322369904 0.7120223045349121 422
1721322369871 0.7121906876564026 421
1721322369967 0.7116863131523132 424
1721322370000 0.7115187644958496 425
1721322369934 0.7118541598320007 423
1721322370034 0.7113514542579651 426
1721322370065 0.7111843824386597 427
1721322370098 0.7110176682472229 428
1721322370294 0.7106848955154419 430
1721322370130 0.7108511924743652 429
1721322370368 0.7105189561843872 431
1721322370412 0.7103532552719116 432
1721322370446 0.7101877927780151 433
1721322370477 0.7100226283073425 434
1721322370512 0.7098575830459595 435
1721322370546 0.7096928954124451 436
1721322370663 0.7093642950057983 438
1721322370581 0.7095285058021545 437
1721322370696 0.7092004418373108 439
1721322370735 0.7090367078781128 440
1721322370771 0.7088732719421387 441
1721322370910 0.7082219123840332 445
1721322370806 0.7087100744247437 442
1721322370839 0.7085471153259277 443
1721322370872 0.7083843946456909 444
1721322370946 0.7080596685409546 446
1721322370990 0.7078976631164551 447
1721322371081 0.7077358961105347 448
1721322371182 0.7072519063949585 451
1721322371118 0.7075742483139038 449
1721322371151 0.7074130177497864 450
1721322371237 0.7069304585456848 453
1721322371210 0.7070910930633545 452
1721322371265 0.7067700624465942 454
1721322371296 0.706609845161438 455
1721322371325 0.7064498662948608 456
1721322371354 0.7062901258468628 457
1721322371383 0.7061306238174438 458
1721322371441 0.7058122158050537 460
1721322371499 0.7054946422576904 462
1721322371413 0.7059713006019592 459
1721322371573 0.705177903175354 464
1721322371470 0.7056532502174377 461
1721322371536 0.7053360939025879 463
1721322371636 0.7050198316574097 465
1721322371669 0.7048618793487549 466
1721322371727 0.7045468091964722 468
1721322371699 0.704704225063324 467
1721322371816 0.7040756344795227 471
1721322371788 0.7042325735092163 470
1721322371761 0.7043895125389099 469
1721322371845 0.703918993473053 472
1721322371873 0.703762412071228 473
1721322371901 0.703606128692627 474
1721322371929 0.7034499645233154 475
1721322371959 0.7032941579818726 476
1721322371987 0.7031383514404297 477
1721322372016 0.7029827833175659 478
1721322372082 0.7028274536132812 479
1721322372116 0.7026721239089966 480
1721322372198 0.7022076845169067 483
1721322372143 0.7025172114372253 481
1721322372170 0.7023623585700989 482
1721322372224 0.7020531892776489 484
1721322372257 0.7018988728523254 485
1721322372289 0.7017446756362915 486
1721322372345 0.7014368772506714 488
1721322372316 0.7015906572341919 487
1721322372383 0.7012832164764404 489
1721322372471 0.7008232474327087 492
1721322372440 0.7009763717651367 491
1721322372499 0.7006701231002808 493
1721322372412 0.701129674911499 490
1721322372550 0.7003645896911621 495
1721322372524 0.7005172967910767 494
1721322372578 0.7002120018005371 496
1721322372608 0.7000596523284912 497
1721322372669 0.6999073624610901 498
1721322372694 0.6997551918029785 499
1721322372722 0.6996031999588013 500
1721322372802 0.6991481781005859 503
1721322372830 0.6989966630935669 504
1721322372750 0.6994514465332031 501
1721322372775 0.6992997527122498 502
1721322372858 0.6988454461097717 505
1721322372886 0.6986943483352661 506
1721322372912 0.6985433101654053 507
1721322372942 0.6983924508094788 508
1721322372999 0.6980911493301392 510
1721322373148 0.6974897980690002 514
1721322372971 0.6982417106628418 509
1721322373027 0.6979405879974365 511
1721322373055 0.697790265083313 512
1721322373118 0.6976399421691895 513
1721322373174 0.6973398923873901 515
1721322373229 0.6970402002334595 517
1721322373203 0.6971899271011353 516
1721322373255 0.6968904733657837 518
1721322373282 0.696740984916687 519
1721322373306 0.6965915560722351 520
1721322373360 0.6962929964065552 522
1721322373387 0.6961439251899719 523
1721322373333 0.696442186832428 521
1721322373414 0.6959948539733887 524
1721322373440 0.6958459615707397 525
1721322373469 0.6956971883773804 526
1721322373498 0.6955484747886658 527
1721322373529 0.6953998804092407 528
1721322373640 0.6949546337127686 531
1721322373554 0.6952513456344604 529
1721322373611 0.695102870464325 530
1721322373666 0.6948063373565674 532
1721322373692 0.6946581602096558 533
1721322373719 0.6945101618766785 534
1721322373749 0.6943621635437012 535
1721322373775 0.6942142248153687 536
1721322373804 0.6940664052963257 537
1721322373909 0.6934759616851807 541
1721322373857 0.6937710642814636 539
1721322373830 0.6939187049865723 538
1721322373883 0.6936234831809998 540
1721322373937 0.6933286190032959 542
1721322373964 0.6932141184806824 543
1721322373990 0.6932122707366943 544
1721322374090 0.6932084560394287 546
1721322374117 0.6932066679000854 547
1721322374060 0.6932103633880615 545
1721322374147 0.6932048797607422 548
1721322374173 0.6932031512260437 549
1721322374201 0.69320148229599 550
1721322374230 0.6931998133659363 551
1721322374256 0.6931980848312378 552
1721322374283 0.6931965947151184 553
1721322374364 0.6931920647621155 556
1721322374311 0.693195104598999 554
1721322374338 0.6931935548782349 555
1721322374391 0.6931905746459961 557
1721322374455 0.693189263343811 558
1721322374488 0.693187952041626 559
1721322374515 0.6931865215301514 560
1721322374565 0.6931840777397156 562
1721322374540 0.6931853294372559 561
1721322374598 0.6931828260421753 563
1721322374678 0.6931793689727783 566
1721322374623 0.6931816339492798 564
1721322374651 0.693180501461029 565
1721322374704 0.6931783556938171 567
1721322374759 0.6931763291358948 569
1721322374733 0.693177342414856 568
1721322374787 0.6931753158569336 570
1721322374812 0.6931743621826172 571
1721322374838 0.6931734681129456 572
1721322374866 0.6931725144386292 573
1721322374892 0.6931716799736023 574
1721322374919 0.6931708455085754 575
1721322374983 0.6931700706481934 576
1721322375045 0.6931685209274292 578
1721322375014 0.6931692957878113 577
1721322375074 0.6931678056716919 579
1721322375102 0.6931671500205994 580
1721322375134 0.6931663751602173 581
1721322375163 0.6931657791137695 582
1721322375191 0.6931650638580322 583
1721322375217 0.6931644678115845 584
1721322375269 0.693163275718689 586
1721322375242 0.6931638717651367 585
1721322375325 0.6931622624397278 588
1721322375295 0.6931626796722412 587
1721322375385 0.6931617259979248 589
1721322375492 0.6931596994400024 593
1721322375439 0.6931606531143188 591
1721322375414 0.6931612491607666 590
1721322375517 0.6931593418121338 594
1721322375467 0.6931602358818054 592
1721322375544 0.6931588649749756 595
1721322375602 0.6931580305099487 597
1721322375570 0.6931585073471069 596
1721322375656 0.6931573152542114 599
1721322375628 0.6931576728820801 598
1721322375683 0.6931569576263428 600
1721322375711 0.6931565999984741 601
1721322375739 0.6931562423706055 602
1721322375792 0.6931556463241577 604
1721322375766 0.6931560039520264 603
1721322375818 0.6931552886962891 605
1721322375926 0.6931542158126831 609
1721322375844 0.69315505027771 606
1721322375870 0.6931547522544861 607
1721322375898 0.693154513835907 608
1721322375954 0.6931540369987488 610
1721322376008 0.6931537389755249 611
1721322376044 0.6931535005569458 612
1721322376071 0.6931532621383667 613
1721322376123 0.6931527853012085 615
1721322376150 0.693152666091919 616
1721322376201 0.6931522488594055 618
1721322376176 0.6931524276733398 617
1721322376229 0.6931520700454712 619
1721322376255 0.6931518316268921 620
1721322376311 0.6931514739990234 622
1721322376283 0.6931517124176025 621
1721322376365 0.6931512355804443 624
1721322376338 0.6931513547897339 623
1721322376419 0.6931508779525757 626
1721322376514 0.6931506395339966 628
1721322376391 0.6931509971618652 625
1721322376481 0.6931508183479309 627
1721322376568 0.6931504011154175 630
1721322376541 0.693150520324707 629
1721322376593 0.6931503415107727 631
1721322376620 0.6931501626968384 632
1721322376646 0.6931500434875488 633
1721322376699 0.6931498050689697 635
1721322376724 0.6931496858596802 636
1721322376754 0.6931496858596802 637
1721322376672 0.693149983882904 634
1721322376811 0.6931495666503906 639
1721322376837 0.6931493282318115 640
1721322376921 0.6931491494178772 643
1721322376863 0.6931493282318115 641
1721322377001 0.6931489706039429 646
1721322376948 0.6931490302085876 644
1721322376889 0.6931492686271667 642
1721322376974 0.6931489706039429 645
1721322377028 0.6931488513946533 647
1721322377118 0.6931487321853638 649
1721322377090 0.6931487917900085 648
1721322377144 0.6931487321853638 650
1721322377250 0.6931484937667847 654
1721322377171 0.693148672580719 651
1721322377197 0.6931486129760742 652
1721322377224 0.6931484937667847 653
1721322377311 0.6931483149528503 656
1721322377343 0.6931483149528503 657
1721322377279 0.6931484341621399 655
1721322377371 0.6931483149528503 658
1721322377397 0.6931481957435608 659
1721322377423 0.6931481957435608 660
1721322377477 0.693148136138916 662
1721322377450 0.6931481957435608 661
1721322377651 0.6931480169296265 666
1721322377562 0.693148136138916 663
1721322377596 0.6931480765342712 664
1721322377679 0.6931479573249817 667
1721322377623 0.6931480169296265 665
1721322377706 0.6931479573249817 668
1721322377735 0.6931478977203369 669
1721322377761 0.6931478977203369 670
1721322377788 0.6931477785110474 671
1721322377814 0.6931477785110474 672
1721322377873 0.6931477785110474 674
1721322377845 0.6931478381156921 673
1721322377901 0.6931477785110474 675
1721322377927 0.6931476593017578 676
1721322377953 0.6931476593017578 677
1721322377980 0.6931476593017578 678
1721322378007 0.6931476593017578 679
1721322378035 0.6931475400924683 680
1721322378065 0.6931476593017578 681
1721322378091 0.6931475400924683 682
1721322378187 0.6931475400924683 684
1721322378273 0.6931474804878235 687
1721322378160 0.6931475400924683 683
1721322378212 0.6931475400924683 685
1721322378246 0.6931475400924683 686
1721322378301 0.6931475400924683 688
1721322378329 0.6931475400924683 689
1721322378355 0.6931475400924683 690
1721322378412 0.6931474804878235 692
1721322378383 0.6931474208831787 691
1721322378465 0.6931474208831787 694
1721322378438 0.6931474208831787 693
1721322378491 0.6931474804878235 695
1721322378516 0.6931474208831787 696
1721322378542 0.6931474208831787 697
1721322378571 0.6931474208831787 698
1721322378602 0.6931473612785339 699
1721322378637 0.6931474208831787 700
1721322378721 0.6931473612785339 701
1721322378778 0.6931473016738892 702
1721322378848 0.6931473016738892 704
1721322378811 0.6931473612785339 703
1721322378876 0.6931473612785339 705
1721322378903 0.6931473016738892 706
1721322378930 0.6931473016738892 707
1721322378958 0.6931473016738892 708
1721322378998 0.6931473612785339 709
1721322379028 0.6931473016738892 710
1721322379057 0.6931473016738892 711
1721322379154 0.6931473016738892 714
1721322379120 0.6931473016738892 713
1721322379090 0.6931473016738892 712
1721322379239 0.6931472420692444 717
1721322379185 0.6931473016738892 715
1721322379213 0.6931472420692444 716
1721322379324 0.6931473016738892 718
1721322379350 0.6931471824645996 719
1721322379403 0.6931473016738892 721
1721322379376 0.6931473016738892 720
1721322379484 0.6931473016738892 724
1721322379428 0.6931473016738892 722
1721322379457 0.6931473612785339 723
1721322379536 0.6931471824645996 726
1721322379588 0.6931472420692444 728
1721322379563 0.6931472420692444 727
1721322379510 0.6931473016738892 725
1721322379624 0.6931471824645996 729
1721322379650 0.6931472420692444 730
1721322379677 0.6931473016738892 731
1721322379742 0.6931471824645996 733
1721322379809 0.6931472420692444 735
1721322379703 0.6931471824645996 732
1721322379780 0.6931471824645996 734
1721322379836 0.6931471824645996 736
1721322379895 0.6931471824645996 737
1721322379923 0.6931471824645996 738
1721322379949 0.6931471824645996 739
1721322379974 0.6931471228599548 740
1721322380007 0.6931471824645996 741
1721322380033 0.6931471824645996 742
1721322380119 0.6931471824645996 745
1721322380063 0.6931471824645996 743
1721322380092 0.6931471824645996 744
1721322380148 0.6931471824645996 746
1721322380200 0.6931473016738892 748
1721322380173 0.6931472420692444 747
1721322380226 0.6931471824645996 749
1721322380454 0.6931471824645996 756
1721322380252 0.6931472420692444 750
1721322380597 0.6931472420692444 761
1721322380626 0.6931471824645996 762
1721322380304 0.6931472420692444 752
1721322380651 0.6931471824645996 763
1721322380709 0.6931471824645996 765
1721322380683 0.6931472420692444 764
1721322380479 0.6931471824645996 757
1721322380568 0.6931471824645996 760
1721322380332 0.6931471824645996 753
1721322380736 0.6931471824645996 766
1721322380358 0.6931471824645996 754
1721322380278 0.6931472420692444 751
1721322380798 0.6931472420692444 768
1721322380765 0.6931472420692444 767
1721322380509 0.6931472420692444 758
1721322380424 0.6931471824645996 755
1721322380824 0.6931471824645996 769
1721322380539 0.6931471824645996 759
1721322380949 0.6931471824645996 772
1721322380981 0.6931471824645996 773
1721322380854 0.6931472420692444 770
1721322380883 0.6931471824645996 771
1721322381033 0.6931471824645996 775
1721322381006 0.6931471824645996 774
1721322381058 0.6931471824645996 776
1721322381084 0.6931471824645996 777
1721322381113 0.6931471824645996 778
1721322381139 0.6931471824645996 779
1721322381200 0.6931471824645996 781
1721322381165 0.6931471228599548 780
1721322381230 0.6931471824645996 782
1721322381286 0.6931471824645996 784
1721322381261 0.6931471824645996 783
1721322381339 0.6931471824645996 786
1721322381312 0.6931471824645996 785
1721322381365 0.6931471824645996 787
1721322381395 0.6931472420692444 788
1721322381493 0.6931471824645996 790
1721322381461 0.6931471824645996 789
1721322381519 0.6931471228599548 791
1721322381551 0.6931471824645996 792
1721322381578 0.6931471824645996 793
1721322381606 0.6931471824645996 794
1721322381692 0.6931471824645996 797
1721322381638 0.6931471824645996 795
1721322381667 0.6931471824645996 796
1721322381720 0.6931471824645996 798
1721322381753 0.6931472420692444 799
1721322381781 0.6931471824645996 800
1721322381846 0.6931471824645996 801
1721322381876 0.6931471824645996 802
1721322381929 0.6931471824645996 804
1721322381903 0.6931471824645996 803
1721322382322 0.6931471824645996 814
1721322382086 0.6931471824645996 808
1721322381967 0.6931471824645996 805
1721322382000 0.6931471824645996 806
1721322382050 0.6931471824645996 807
1721322382233 0.6931471824645996 811
1721322382361 0.6931471824645996 815
1721322382120 0.6931471228599548 809
1721322382187 0.6931471824645996 810
1721322382265 0.6931471824645996 812
1721322382294 0.6931471824645996 813
1721322382390 0.6931471824645996 816
1721322382423 0.6931471824645996 817
1721322382463 0.6931471824645996 818
1721322382674 0.6931471824645996 822
1721322382592 0.6931471824645996 820
1721322382638 0.6931471824645996 821
1721322382709 0.6931471824645996 823
1721322382544 0.6931471824645996 819
1721322382744 0.6931471824645996 824
1721322382781 0.6931471824645996 825
1721322382823 0.6931471824645996 826
1721322382864 0.6931471824645996 827
1721322382986 0.6931471824645996 829
1721322382945 0.6931471824645996 828
1721322383016 0.6931471824645996 830
1721322383162 0.6931471824645996 833
1721322383121 0.6931471824645996 832
1721322383213 0.6931471824645996 834
1721322383088 0.6931471824645996 831
1721322383640 0.6931471824645996 836
1721322383337 0.6931471824645996 835
1721322383756 0.6931471824645996 837
1721322383806 0.6931471824645996 838
1721322383847 0.6931471824645996 839
1721322383888 0.6931471824645996 840
1721322384015 0.6931471824645996 842
1721322384044 0.6931471824645996 843
1721322383932 0.6931471824645996 841
1721322384235 0.6931471824645996 846
1721322384203 0.6931471824645996 845
1721322384280 0.6931471824645996 847
1721322384393 0.6931471824645996 850
1721322384318 0.6931471824645996 848
1721322384430 0.6931471824645996 851
1721322384356 0.6931471824645996 849
1721322384468 0.6931471824645996 852
1721322384500 0.6931471824645996 853
1721322384582 0.6931471824645996 854
1721322384665 0.6931471824645996 856
1721322384747 0.6931471824645996 858
1721322384783 0.6931471824645996 859
1721322384829 0.6931471824645996 860
1721322384906 0.6931471824645996 861
1721322384978 0.6931471824645996 862
1721322385104 0.6931471824645996 864
1721322385059 0.6931471824645996 863
1721322385147 0.6931471824645996 865
1721322385181 0.6931472420692444 866
1721322385216 0.6931471824645996 867
1721322385250 0.6931471824645996 868
1721322385288 0.6931471824645996 869
1721322385329 0.6931471824645996 870
1721322385401 0.6931471228599548 872
1721322385368 0.6931471824645996 871
1721322385435 0.6931471824645996 873
1721322385473 0.6931471824645996 874
1721322385521 0.6931471824645996 875
1721322385571 0.6931471824645996 876
1721322385676 0.6931471824645996 877
1721322385885 0.6931471824645996 882
1721322385752 0.6931471824645996 879
1721322385722 0.6931471824645996 878
1721322385932 0.6931471824645996 883
1721322385971 0.6931471824645996 884
1721322385806 0.6931471824645996 880
1721322385846 0.6931472420692444 881
1721322386042 0.6931471824645996 886
1721322386074 0.6931471824645996 887
1721322386004 0.6931471824645996 885
1721322386248 0.6931471824645996 888
1721322386408 0.6931471824645996 892
1721322386332 0.6931471824645996 890
1721322386292 0.6931471824645996 889
1721322386373 0.6931471824645996 891
1721322386442 0.6931471824645996 893
1721322386482 0.6931471824645996 894
1721322386599 0.6931471824645996 897
1721322386515 0.6931471824645996 895
1721322386550 0.6931471824645996 896
1721322386673 0.6931471824645996 898
1721322386811 0.6931471824645996 899
1721322386861 0.6931471824645996 900
1721322387042 0.6931471824645996 903
1721322386985 0.6931471824645996 902
1721322386915 0.6931471824645996 901
1721322387096 0.6931471824645996 904
1721322387187 0.6931471824645996 906
1721322387141 0.6931471824645996 905
1721322387227 0.6931471824645996 907
1721322387338 0.6931471824645996 910
1721322387466 0.6931471228599548 912
1721322387420 0.6931471824645996 911
1721322387296 0.6931471824645996 909
1721322387264 0.6931471824645996 908
1721322387506 0.6931471228599548 913
1721322387555 0.6931471824645996 914
1721322387596 0.6931471824645996 915
1721322387639 0.6931471824645996 916
1721322387749 0.6931471824645996 919
1721322387937 0.6931471824645996 922
1721322387801 0.6931471824645996 920
1721322387841 0.6931472420692444 921
1721322387681 0.6931472420692444 917
1721322387716 0.6931471824645996 918
1721322387980 0.6931471824645996 923
1721322388011 0.6931471824645996 924
1721322388050 0.6931471824645996 925
1721322388086 0.6931471824645996 926
1721322388123 0.6931471824645996 927
1721322388199 0.6931471824645996 929
1721322388157 0.6931471824645996 928
1721322388337 0.6931471824645996 931
1721322388285 0.6931471824645996 930
1721322388370 0.6931471824645996 932
1721322388445 0.6931471824645996 933
1721322388485 0.6931471824645996 934
1721322388532 0.6931471824645996 935
1721322388595 0.6931471824645996 936
1721322388634 0.6931471228599548 937
1721322388670 0.6931471824645996 938
1721322388788 0.6931471824645996 940
1721322388897 0.6931471824645996 943
1721322388820 0.6931471824645996 941
1721322388749 0.6931471824645996 939
1721322388863 0.6931471824645996 942
1721322388933 0.6931471824645996 944
1721322388972 0.6931471824645996 945
1721322389036 0.6931471824645996 947
1721322389004 0.6931471824645996 946
1721322389129 0.6931471824645996 948
1721322389166 0.6931471824645996 949
1721322389198 0.6931471824645996 950
1721322389238 0.6931471824645996 951
1721322389275 0.6931471824645996 952
1721322389313 0.6931471824645996 953
1721322389354 0.6931471824645996 954
1721322389480 0.6931471824645996 956
1721322389395 0.6931471824645996 955
1721322389593 0.6931471824645996 958
1721322389522 0.6931471824645996 957
1721322389672 0.6931471824645996 960
1721322389718 0.6931471824645996 961
1721322389830 0.6931471824645996 963
1721322389635 0.6931471824645996 959
1721322389779 0.6931471824645996 962
1721322389876 0.6931471824645996 964
1721322389965 0.6931471824645996 966
1721322389922 0.6931471824645996 965
1721322390003 0.6931471824645996 967
1721322390043 0.6931471824645996 968
1721322390080 0.6931471824645996 969
1721322390116 0.6931471824645996 970
1721322390151 0.6931471824645996 971
1721322390237 0.6931471824645996 973
1721322390195 0.6931471824645996 972
1721322390341 0.6931471824645996 974
1721322390403 0.6931471824645996 975
1721322390446 0.6931471824645996 976
1721322390485 0.6931471824645996 977
1721322390536 0.6931471824645996 978
1721322390576 0.6931471824645996 979
1721322390616 0.6931471824645996 980
1721322390777 0.6931471824645996 984
1721322390659 0.6931471824645996 981
1721322390696 0.6931471824645996 982
1721322390736 0.6931471824645996 983
1721322390811 0.6931471824645996 985
1721322390927 0.6931471824645996 988
1721322390850 0.6931471824645996 986
1721322390885 0.6931471824645996 987
1721322391022 0.6931471824645996 990
1721322391069 0.6931471824645996 991
1721322391104 0.6931471824645996 992
1721322391145 0.6931471824645996 993
1721322391178 0.6931471824645996 994
1721322391346 0.6931471824645996 997
1721322391307 0.6931471824645996 996
1721322391260 0.6931471824645996 995
1721322391376 0.6931471824645996 998
1721322391417 0.6931471824645996 999
