1721323526735 0.75 0
1721323526778 0.5 1
1721323526830 0.75 2
1721323526881 0.75 3
1721323526942 0.75 4
1721323527048 0.75 6
1721323526994 0.75 5
1721323527156 0.75 8
1721323527211 0.75 9
1721323527101 0.75 7
1721323527265 0.75 10
1721323527430 0.75 13
1721323527318 0.75 11
1721323527371 0.75 12
1721323527485 0.75 14
1721323527548 0.75 15
1721323527598 0.75 16
1721323527652 0.75 17
1721323527756 0.75 19
1721323527707 0.75 18
1721323527813 0.75 20
1721323527873 0.75 21
1721323527938 0.75 22
1721323528004 0.75 23
1721323528059 0.75 24
1721323528109 0.75 25
1721323528214 0.75 27
1721323528162 0.75 26
1721323528264 0.75 28
1721323528324 0.75 29
1721323528383 0.75 30
1721323528497 0.75 31
1721323528624 0.75 33
1721323528788 0.75 36
1721323528562 0.75 32
1721323528673 0.75 34
1721323528732 0.75 35
1721323528904 0.75 38
1721323528849 0.75 37
1721323528957 0.75 39
1721323528997 0.75 40
1721323529023 0.75 41
1721323529078 0.75 43
1721323529107 0.75 44
1721323529134 0.75 45
1721323529051 0.75 42
1721323529161 0.75 46
1721323529215 0.75 48
1721323529187 0.75 47
1721323529241 0.75 49
1721323529267 0.75 50
1721323529291 0.75 51
1721323529319 0.75 52
1721323529347 0.75 53
1721323529403 0.75 55
1721323529429 0.75 56
1721323529377 0.75 54
1721323529455 0.75 57
1721323529507 0.75 59
1721323529482 0.75 58
1721323529536 0.75 60
1721323529569 0.75 61
1721323529596 0.75 62
1721323529622 0.75 63
1721323529680 0.75 65
1721323529649 0.75 64
1721323529706 0.75 66
1721323529758 0.75 68
1721323529732 0.75 67
1721323529787 0.75 69
1721323529813 0.75 70
1721323529839 0.75 71
1721323529920 0.75 74
1721323529891 0.75 73
1721323529949 0.75 75
1721323530002 0.75 77
1721323529975 0.75 76
1721323530028 0.75 78
1721323530092 0.75 80
1721323530056 0.75 79
1721323530129 0.75 81
1721323530182 0.75 82
1721323530252 0.75 84
1721323530221 0.75 83
1721323530281 0.75 85
1721323530309 0.75 86
1721323530339 0.75 87
1721323530511 0.75 91
1721323530448 0.75 90
1721323530367 0.75 88
1721323530395 0.75 89
1721323530539 0.75 92
1721323530727 0.75 99
1721323530566 0.75 93
1721323530619 0.75 95
1721323530591 0.75 94
1721323530646 0.75 96
1721323530671 0.75 97
1721323530699 0.75 98
1721323530754 0.75 100
1721323530865 0.75 104
1721323530806 0.75 102
1721323530779 0.75 101
1721323530837 0.75 103
1721323530920 0.75 106
1721323530894 0.75 105
1721323530973 0.75 108
1721323530947 0.75 107
1721323530999 0.75 109
1721323531077 0.75 112
1721323531158 0.75 115
1721323531104 0.75 113
1721323531051 0.75 111
1721323531025 0.75 110
1721323531130 0.75 114
1721323531187 0.75 116
1721323531212 0.75 117
1721323531271 0.75 119
1721323531237 0.75 118
1721323531334 0.75 121
1721323531364 0.75 122
1721323531302 0.75 120
1721323531421 0.75 124
1721323531393 0.75 123
1721323531449 0.75 125
1721323531576 0.75 128
1721323531504 0.75 127
1721323531605 0.75 129
1721323531476 0.75 126
1721323531634 0.75 130
1721323531691 0.75 132
1721323531720 0.75 133
1721323531748 0.75 134
1721323531663 0.75 131
1721323531806 0.75 136
1721323531867 0.75 138
1721323531775 0.75 135
1721323531837 0.75 137
1721323531895 0.75 139
1721323531931 0.75 140
1721323531986 0.75 142
1721323531958 0.75 141
1721323532019 0.75 143
1721323532049 0.75 144
1721323532075 0.75 145
1721323532107 0.75 146
1721323532317 0.75 153
1721323532230 0.75 150
1721323532135 0.75 147
1721323532192 0.75 149
1721323532166 0.75 148
1721323532289 0.75 152
1721323532263 0.75 151
1721323532396 0.75 156
1721323532422 0.75 157
1721323532343 0.75 154
1721323532370 0.75 155
1721323532466 0.75 158
1721323532523 0.75 160
1721323532496 0.75 159
1721323532575 0.75 162
1721323532549 0.75 161
1721323532630 0.75 164
1721323532689 0.75 165
1721323532746 0.75 167
1721323532719 0.75 166
1721323532604 0.75 163
1721323532771 0.75 168
1721323532824 0.75 170
1721323532798 0.75 169
1721323532879 0.75 172
1721323532904 0.75 173
1721323532851 0.75 171
1721323532959 0.75 175
1721323532984 0.75 176
1721323532931 0.75 174
1721323533015 0.75 177
1721323533067 0.75 179
1721323533092 0.75 180
1721323533124 0.75 181
1721323533154 0.75 182
1721323533181 0.75 183
1721323533209 0.75 184
1721323533236 0.75 185
1721323533262 0.75 186
1721323533289 0.75 187
1721323533343 0.75 189
1721323533371 0.75 190
1721323533398 0.75 191
1721323533424 0.75 192
1721323533452 0.75 193
1721323533478 0.75 194
1721323533554 0.75 197
1721323533502 0.75 195
1721323533528 0.75 196
1721323533581 0.75 198
1721323533674 0.75 200
1721323533647 0.75 199
1721323533701 0.75 201
1721323533727 0.75 202
1721323533780 0.75 204
1721323533754 0.75 203
1721323533807 0.75 205
1721323533834 0.75 206
1721323533859 0.75 207
1721323533890 0.75 208
1721323533939 0.75 210
1721323533914 0.75 209
1721323533991 0.75 212
1721323534045 0.75 214
1721323534072 0.75 215
1721323533965 0.75 211
1721323534099 0.75 216
1721323534019 0.75 213
1721323534125 0.75 217
1721323534151 0.75 218
1721323534176 0.75 219
1721323534201 0.75 220
1721323534235 0.75 221
1721323534292 0.75 223
1721323534267 0.75 222
1721323534376 0.75 226
1721323534348 0.75 225
1721323534320 0.75 224
1721323534403 0.75 227
1721323534469 0.75 228
1721323534560 0.75 231
1721323534503 0.75 229
1721323534531 0.75 230
1721323534586 0.75 232
1721323534612 0.75 233
1721323534638 0.75 234
1721323534690 0.75 236
1721323534665 0.75 235
1721323534717 0.75 237
1721323534744 0.75 238
1721323534821 1.0 241
1721323534769 1.0 239
1721323534796 1.0 240
1721323534849 1.0 242
1721323534875 1.0 243
1721323534901 1.0 244
1721323534954 1.0 246
1721323534928 1.0 245
1721323535006 1.0 248
1721323534980 1.0 247
1721323535058 1.0 250
1721323535143 1.0 253
1721323535033 1.0 249
1721323535084 1.0 251
1721323535111 1.0 252
1721323535285 1.0 256
1721323535252 1.0 255
1721323535219 1.0 254
1721323535316 1.0 257
1721323535347 1.0 258
1721323535378 1.0 259
1721323535415 1.0 260
1721323535552 1.0 264
1721323535448 1.0 261
1721323535479 1.0 262
1721323535510 1.0 263
1721323535586 1.0 265
1721323535615 1.0 266
1721323535709 1.0 269
1721323535646 1.0 267
1721323535678 1.0 268
1721323535778 1.0 271
1721323535743 1.0 270
1721323535813 1.0 272
1721323535844 1.0 273
1721323535874 1.0 274
1721323535905 1.0 275
1721323535938 1.0 276
1721323536155 1.0 281
1721323536123 1.0 280
1721323536050 1.0 278
1721323536189 1.0 282
1721323536223 1.0 283
1721323535972 1.0 277
1721323536091 1.0 279
1721323536257 1.0 284
1721323536289 1.0 285
1721323536320 1.0 286
1721323536353 1.0 287
1721323536387 1.0 288
1721323536417 1.0 289
1721323536450 1.0 290
1721323536509 1.0 292
1721323536481 1.0 291
1721323536540 1.0 293
1721323536572 1.0 294
1721323536647 1.0 296
1721323536609 1.0 295
1721323536760 1.0 299
1721323536687 1.0 297
1721323536792 1.0 300
1721323536721 1.0 298
1721323536905 1.0 302
1721323536825 1.0 301
1721323536984 1.0 304
1721323537021 1.0 305
1721323536948 1.0 303
1721323537094 1.0 307
1721323537056 1.0 306
1721323537126 1.0 308
1721323537162 1.0 309
1721323537194 1.0 310
1721323537274 1.0 312
1721323537234 1.0 311
1721323537370 1.0 315
1721323537307 1.0 313
1721323537337 1.0 314
1721323537445 1.0 317
1721323537407 1.0 316
1721323537477 1.0 318
1721323537514 1.0 319
1721323537544 1.0 320
1721323537579 1.0 321
1721323537612 1.0 322
1721323537685 1.0 323
1721323537868 1.0 325
1721323537771 1.0 324
1721323537988 1.0 327
1721323537937 1.0 326
1721323538023 1.0 328
1721323538058 1.0 329
1721323538091 1.0 330
1721323538194 1.0 333
1721323538124 1.0 331
1721323538161 1.0 332
1721323538227 1.0 334
1721323538261 1.0 335
1721323538297 1.0 336
1721323538329 1.0 337
1721323538363 1.0 338
1721323538431 1.0 340
1721323538547 1.0 343
1721323538684 1.0 345
1721323538469 1.0 341
1721323538634 1.0 344
1721323538503 1.0 342
1721323538723 1.0 346
1721323538762 1.0 347
1721323538797 1.0 348
1721323538834 1.0 349
1721323538872 1.0 350
1721323538906 1.0 351
1721323538976 1.0 353
1721323538941 1.0 352
1721323539015 1.0 354
1721323539048 1.0 355
1721323539083 1.0 356
1721323539116 1.0 357
1721323539150 1.0 358
1721323539185 1.0 359
1721323539248 1.0 361
1721323539282 1.0 362
1721323539399 1.0 364
1721323539362 1.0 363
1721323539434 1.0 365
1721323539502 1.0 367
1721323539469 1.0 366
1721323539538 1.0 368
1721323539609 1.0 370
1721323539571 1.0 369
1721323539646 1.0 371
1721323539682 1.0 372
1721323539717 1.0 373
1721323539789 1.0 375
1721323539754 1.0 374
1721323539862 1.0 377
1721323539831 1.0 376
1721323539928 1.0 379
1721323539961 1.0 380
1721323539896 1.0 378
1721323540035 1.0 381
1721323540143 1.0 384
1721323540075 1.0 382
1721323540212 1.0 386
1721323540106 1.0 383
1721323540179 1.0 385
1721323540252 1.0 387
1721323540287 1.0 388
1721323540321 1.0 389
1721323540355 1.0 390
1721323540392 1.0 391
1721323540431 1.0 392
1721323540502 1.0 394
1721323540536 1.0 395
1721323540467 1.0 393
1721323540579 1.0 396
1721323540750 1.0 399
1721323540616 1.0 397
1721323540674 1.0 398
1721323540841 1.0 400
1721323540880 1.0 401
1721323540978 1.0 404
1721323540911 1.0 402
1721323540946 1.0 403
1721323541078 1.0 407
1721323541011 1.0 405
1721323541046 1.0 406
1721323541107 1.0 408
1721323541138 1.0 409
1721323541169 1.0 410
1721323541202 1.0 411
1721323541234 1.0 412
1721323541267 1.0 413
1721323541331 1.0 415
1721323541298 1.0 414
1721323541363 1.0 416
1721323541393 1.0 417
1721323541464 1.0 418
1721323541500 1.0 419
1721323541532 1.0 420
1721323541563 1.0 421
1721323541594 1.0 422
1721323541692 1.0 425
1721323541726 1.0 426
1721323541630 1.0 423
1721323541659 1.0 424
1721323541787 1.0 428
1721323541757 1.0 427
1721323541823 1.0 429
1721323541853 1.0 430
1721323541885 1.0 431
1721323541918 1.0 432
1721323541950 1.0 433
1721323542059 1.0 435
1721323541983 1.0 434
1721323542130 1.0 437
1721323542097 1.0 436
1721323542193 1.0 439
1721323542162 1.0 438
1721323542223 1.0 440
1721323542255 1.0 441
1721323542285 1.0 442
1721323542319 1.0 443
1721323542422 1.0 445
1721323542457 1.0 446
1721323542352 1.0 444
1721323542494 1.0 447
1721323542562 1.0 449
1721323542525 1.0 448
1721323542590 1.0 450
1721323542693 1.0 451
1721323542772 1.0 453
1721323542740 1.0 452
1721323542834 1.0 455
1721323542804 1.0 454
1721323542868 1.0 456
1721323542934 1.0 458
1721323542899 1.0 457
1721323542968 1.0 459
1721323543000 1.0 460
1721323543031 1.0 461
1721323543063 1.0 462
1721323543096 1.0 463
1721323543132 1.0 464
1721323543201 1.0 466
1721323543167 1.0 465
1721323543231 1.0 467
1721323543365 1.0 470
1721323543300 1.0 468
1721323543335 1.0 469
1721323543467 1.0 473
1721323543401 1.0 471
1721323543632 1.0 478
1721323543760 1.0 482
1721323543600 1.0 477
1721323543434 1.0 472
1721323543567 1.0 476
1721323543503 1.0 474
1721323543888 1.0 484
1721323543535 1.0 475
1721323543665 1.0 479
1721323543697 1.0 480
1721323543730 1.0 481
1721323543951 1.0 486
1721323543794 1.0 483
1721323544086 1.0 490
1721323543922 1.0 485
1721323544019 1.0 488
1721323543987 1.0 487
1721323544053 1.0 489
1721323544215 1.0 494
1721323544119 1.0 491
1721323544182 1.0 493
1721323544151 1.0 492
1721323544244 1.0 495
1721323544336 1.0 498
1721323544275 1.0 496
1721323544370 1.0 499
1721323544306 1.0 497
1721323544404 1.0 500
1721323544437 1.0 501
1721323544628 1.0 505
1721323544474 1.0 502
1721323544556 1.0 503
1721323544596 1.0 504
1721323544661 1.0 506
1721323544691 1.0 507
1721323544722 1.0 508
1721323544756 1.0 509
1721323544785 1.0 510
1721323544816 1.0 511
1721323544848 1.0 512
1721323544878 1.0 513
1721323545007 1.0 515
1721323544914 1.0 514
1721323545069 1.0 516
1721323545125 1.0 517
1721323545198 1.0 519
1721323545165 1.0 518
1721323545311 1.0 522
1721323545376 1.0 524
1721323545279 1.0 521
1721323545344 1.0 523
1721323545243 1.0 520
1721323545409 1.0 525
1721323545479 1.0 527
1721323545591 1.0 529
1721323545628 1.0 530
1721323545447 1.0 526
1721323545552 1.0 528
1721323545700 1.0 532
1721323545764 1.0 534
1721323545668 1.0 531
1721323545731 1.0 533
1721323545798 1.0 535
1721323545830 1.0 536
1721323545863 1.0 537
1721323545960 1.0 540
1721323545893 1.0 538
1721323546068 1.0 543
1721323545993 1.0 541
1721323546031 1.0 542
1721323546160 1.0 544
1721323546198 1.0 545
1721323546282 1.0 547
1721323546427 1.0 551
1721323546236 1.0 546
1721323546322 1.0 548
1721323546356 1.0 549
1721323546467 1.0 552
1721323546394 1.0 550
1721323546506 1.0 553
1721323546547 1.0 554
1721323546587 1.0 555
1721323546716 1.0 557
1721323546625 1.0 556
1721323546769 1.0 558
1721323546808 1.0 559
1721323546943 1.0 563
1721323546875 1.0 561
1721323546906 1.0 562
1721323546843 1.0 560
1721323546977 1.0 564
1721323547007 1.0 565
1721323547073 1.0 567
1721323547040 1.0 566
1721323547138 1.0 569
1721323547205 1.0 570
1721323547285 1.0 572
1721323547103 1.0 568
1721323547246 1.0 571
1721323547320 1.0 573
1721323547398 1.0 575
1721323547362 1.0 574
1721323547438 1.0 576
1721323547474 1.0 577
1721323547541 1.0 579
1721323547513 1.0 578
1721323547572 1.0 580
1721323547606 1.0 581
1721323547673 1.0 583
1721323547638 1.0 582
1721323547705 1.0 584
1721323547737 1.0 585
1721323547798 1.0 586
1721323547839 1.0 587
1721323547873 1.0 588
1721323547905 1.0 589
1721323547936 1.0 590
1721323548005 1.0 592
1721323548036 1.0 593
1721323547974 1.0 591
1721323548099 1.0 595
1721323548067 1.0 594
1721323548167 1.0 597
1721323548135 1.0 596
1721323548239 1.0 598
1721323548277 1.0 599
1721323548341 1.0 601
1721323548407 1.0 603
1721323548376 1.0 602
1721323548440 1.0 604
1721323548470 1.0 605
1721323548540 1.0 607
1721323548503 1.0 606
1721323548570 1.0 608
1721323548609 1.0 609
1721323548641 1.0 610
1721323548747 1.0 613
1721323548818 1.0 614
1721323548673 1.0 611
1721323548708 1.0 612
1721323548850 1.0 615
1721323548915 1.0 617
1721323548949 1.0 618
1721323548984 1.0 619
1721323549052 1.0 621
1721323549122 1.0 623
1721323549016 1.0 620
1721323549090 1.0 622
1721323549157 1.0 624
1721323549189 1.0 625
1721323549252 1.0 627
1721323549220 1.0 626
1721323549323 1.0 629
1721323549287 1.0 628
1721323549357 1.0 630
1721323549389 1.0 631
1721323549537 1.0 632
1721323549642 1.0 634
1721323549673 1.0 635
1721323549575 1.0 633
1721323549738 1.0 637
1721323549705 1.0 636
1721323549839 1.0 640
1721323549776 1.0 638
1721323549806 1.0 639
1721323549872 1.0 641
1721323549906 1.0 642
1721323549942 1.0 643
1721323550007 1.0 645
1721323549978 1.0 644
1721323550084 1.0 646
1721323550185 1.0 649
1721323550117 1.0 647
1721323550153 1.0 648
1721323550250 1.0 651
1721323550216 1.0 650
1721323550287 1.0 652
1721323550319 1.0 653
1721323550384 1.0 655
1721323550349 1.0 654
1721323550419 1.0 656
1721323550565 1.0 657
1721323550597 1.0 658
1721323550633 1.0 659
1721323550702 1.0 661
1721323550666 1.0 660
1721323550736 1.0 662
1721323550770 1.0 663
1721323550836 1.0 665
1721323550871 1.0 666
1721323550912 1.0 667
1721323550803 1.0 664
1721323550946 1.0 668
1721323550977 1.0 669
1721323551016 1.0 670
1721323551053 1.0 671
1721323551085 1.0 672
1721323551118 1.0 673
1721323551153 1.0 674
1721323551187 1.0 675
1721323551365 1.0 679
1721323551260 1.0 676
1721323551297 1.0 677
1721323551334 1.0 678
1721323551474 1.0 682
1721323551403 1.0 680
1721323551434 1.0 681
1721323551506 1.0 683
1721323551536 1.0 684
1721323551569 1.0 685
1721323551601 1.0 686
1721323551667 1.0 687
1721323551741 1.0 689
1721323551770 1.0 690
1721323551836 1.0 692
1721323551704 1.0 688
1721323551804 1.0 691
1721323551872 1.0 693
1721323551911 1.0 694
1721323551978 1.0 696
1721323552017 1.0 697
1721323552083 1.0 698
1721323552179 1.0 701
1721323552114 1.0 699
1721323552149 1.0 700
1721323552245 1.0 703
1721323552212 1.0 702
1721323552307 1.0 705
1721323552276 1.0 704
1721323552472 1.0 710
1721323552340 1.0 706
1721323552371 1.0 707
1721323552406 1.0 708
1721323552610 1.0 713
1721323552506 1.0 711
1721323552575 1.0 712
1721323552437 1.0 709
1721323552671 1.0 715
1721323552644 1.0 714
1721323552705 1.0 716
1721323552739 1.0 717
1721323552813 1.0 719
1721323552849 1.0 720
1721323552882 1.0 721
1721323552773 1.0 718
1721323552918 1.0 722
1721323552996 1.0 724
1721323552960 1.0 723
1721323553030 1.0 725
1721323553065 1.0 726
1721323553129 1.0 728
1721323553096 1.0 727
1721323553267 1.0 731
1721323553160 1.0 729
1721323553298 1.0 732
1721323553232 1.0 730
1721323553330 1.0 733
1721323553395 1.0 735
1721323553365 1.0 734
1721323553428 1.0 736
1721323553460 1.0 737
1721323553497 1.0 738
1721323553528 1.0 739
1721323553557 1.0 740
1721323553628 1.0 742
1721323553592 1.0 741
1721323553743 1.0 744
1721323553663 1.0 743
1721323553776 1.0 745
1721323553841 1.0 747
1721323553874 1.0 748
1721323553808 1.0 746
1721323554016 1.0 752
1721323553982 1.0 751
1721323553939 1.0 750
1721323554047 1.0 753
1721323554086 1.0 754
1721323554119 1.0 755
1721323554152 1.0 756
1721323554183 1.0 757
1721323554217 1.0 758
1721323554252 1.0 759
1721323554316 1.0 761
1721323554440 1.0 763
1721323554284 1.0 760
1721323554348 1.0 762
1721323554481 1.0 764
1721323554513 1.0 765
1721323554547 1.0 766
1721323554584 1.0 767
1721323554619 1.0 768
1721323554652 1.0 769
1721323554761 1.0 772
1721323554689 1.0 770
1721323554722 1.0 771
1721323554797 1.0 773
1721323554909 1.0 776
1721323554839 1.0 774
1721323554876 1.0 775
1721323554952 1.0 777
1721323554984 1.0 778
1721323555020 1.0 779
1721323555066 1.0 780
1721323555214 1.0 784
1721323555105 1.0 781
1721323555177 1.0 783
1721323555142 1.0 782
1721323555250 1.0 785
1721323555287 1.0 786
1721323555324 1.0 787
1721323555466 1.0 789
1721323555407 1.0 788
1721323555650 1.0 794
1721323555569 1.0 792
1721323555613 1.0 793
1721323555502 1.0 790
1721323555727 1.0 796
1721323555536 1.0 791
1721323555685 1.0 795
1721323555763 1.0 797
1721323555802 1.0 798
1721323555833 1.0 799
1721323555958 1.0 802
1721323555899 1.0 801
1721323555865 1.0 800
1721323556030 1.0 804
1721323556133 1.0 807
1721323555992 1.0 803
1721323556065 1.0 805
1721323556099 1.0 806
1721323556168 1.0 808
1721323556244 1.0 809
1721323556284 1.0 810
1721323556317 1.0 811
1721323556389 1.0 813
1721323556479 1.0 815
1721323556589 1.0 818
1721323556352 1.0 812
1721323556517 1.0 816
1721323556625 1.0 819
1721323556551 1.0 817
1721323556656 1.0 820
1721323556769 1.0 822
1721323556944 1.0 827
1721323556903 1.0 826
1721323556839 1.0 824
1721323556872 1.0 825
1721323556806 1.0 823
1721323557011 1.0 829
1721323556977 1.0 828
1721323557092 1.0 830
1721323557122 1.0 831
1721323557199 1.0 833
1721323557326 1.0 837
1721323557233 1.0 834
1721323557263 1.0 835
1721323557295 1.0 836
1721323557164 1.0 832
1721323557363 1.0 838
1721323557415 1.0 839
1721323557466 1.0 840
1721323557572 1.0 843
1721323557602 1.0 844
1721323557499 1.0 841
1721323557634 1.0 845
1721323557535 1.0 842
1721323557699 1.0 847
1721323557669 1.0 846
1721323557737 1.0 848
1721323557810 1.0 849
1721323557849 1.0 850
1721323558018 1.0 855
1721323557882 1.0 851
1721323557985 1.0 854
1721323557953 1.0 853
1721323557920 1.0 852
1721323558157 1.0 858
1721323558051 1.0 856
1721323558083 1.0 857
1721323558197 1.0 859
1721323558228 1.0 860
1721323558260 1.0 861
1721323558299 1.0 862
1721323558333 1.0 863
1721323558366 1.0 864
1721323558403 1.0 865
1721323558437 1.0 866
1721323558500 1.0 868
1721323558469 1.0 867
1721323558534 1.0 869
1721323558725 1.0 871
1721323558662 1.0 870
1721323558795 1.0 873
1721323558757 1.0 872
1721323558863 1.0 875
1721323558829 1.0 874
1721323558897 1.0 876
1721323558961 1.0 878
1721323558928 1.0 877
1721323558992 1.0 879
1721323559026 1.0 880
1721323559163 1.0 883
1721323559094 1.0 881
1721323559133 1.0 882
1721323559206 1.0 884
1721323559241 1.0 885
1721323559304 1.0 887
1721323559269 1.0 886
1721323559333 1.0 888
1721323559365 1.0 889
1721323559464 1.0 892
1721323559432 1.0 891
1721323559397 1.0 890
1721323559542 1.0 893
1721323559590 1.0 894
1721323559658 1.0 896
1721323559625 1.0 895
1721323559785 1.0 900
1721323559720 1.0 898
1721323559688 1.0 897
1721323559751 1.0 899
1721323559857 1.0 902
1721323559819 1.0 901
1721323559889 1.0 903
1721323559965 1.0 905
1721323559997 1.0 906
1721323560069 1.0 908
1721323560036 1.0 907
1721323560102 1.0 909
1721323560199 1.0 912
1721323560165 1.0 911
1721323560134 1.0 910
1721323560234 1.0 913
1721323560335 1.0 915
1721323560265 1.0 914
1721323560369 1.0 916
1721323560442 1.0 918
1721323560412 1.0 917
1721323560476 1.0 919
1721323560509 1.0 920
1721323560577 1.0 922
1721323560616 1.0 923
1721323560693 1.0 925
1721323560725 1.0 926
1721323560843 1.0 928
1721323560759 1.0 927
1721323560917 1.0 930
1721323560884 1.0 929
1721323560988 1.0 932
1721323560953 1.0 931
1721323561091 1.0 935
1721323561020 1.0 933
1721323561126 1.0 936
1721323561055 1.0 934
1721323561170 1.0 937
1721323561213 1.0 938
1721323561248 1.0 939
1721323561280 1.0 940
1721323561350 1.0 942
1721323561385 1.0 943
1721323561534 1.0 946
1721323561451 1.0 945
1721323561420 1.0 944
1721323561576 1.0 947
1721323561615 1.0 948
1721323561694 1.0 949
1721323561734 1.0 950
1721323561788 1.0 951
1721323561835 1.0 952
1721323561870 1.0 953
1721323562007 1.0 956
1721323561943 1.0 954
1721323561975 1.0 955
1721323562037 1.0 957
1721323562077 1.0 958
1721323562114 1.0 959
1721323562206 1.0 960
1721323562348 1.0 962
1721323562387 1.0 963
1721323562288 1.0 961
1721323562423 1.0 964
1721323562460 1.0 965
1721323562530 1.0 967
1721323562493 1.0 966
1721323562610 1.0 968
1721323562646 1.0 969
1721323562678 1.0 970
1721323562710 1.0 971
1721323562744 1.0 972
1721323562809 1.0 974
1721323562775 1.0 973
1721323562911 1.0 977
1721323562881 1.0 976
1721323562845 1.0 975
1721323562944 1.0 978
1721323562980 1.0 979
1721323563016 1.0 980
1721323563052 1.0 981
1721323563118 1.0 983
1721323563149 1.0 984
1721323563081 1.0 982
1721323563222 1.0 986
1721323563349 1.0 988
1721323563184 1.0 985
1721323563306 1.0 987
1721323563381 1.0 989
1721323563413 1.0 990
1721323563479 1.0 992
1721323563446 1.0 991
1721323563546 1.0 994
1721323563578 1.0 995
1721323563612 1.0 996
1721323563643 1.0 997
1721323563723 1.0 998
