1721323526735 0.7150460481643677 0
1721323526778 0.7143688201904297 1
1721323526881 0.7130191326141357 3
1721323527048 0.7110124230384827 6
1721323526942 0.712347686290741 4
1721323527156 0.7096880674362183 8
1721323527211 0.7090301513671875 9
1721323526994 0.7116787433624268 5
1721323527101 0.7103488445281982 7
1721323527265 0.7083749771118164 10
1721323527430 0.7064275741577148 13
1721323527371 0.7070736885070801 12
1721323527318 0.7077228426933289 11
1721323527485 0.7057844400405884 14
1721323527548 0.7051444053649902 15
1721323527598 0.7045074701309204 16
1721323527756 0.7026156187057495 19
1721323527707 0.7032430768013 18
1721323527813 0.7019913792610168 20
1721323527873 0.7013702988624573 21
1721323527938 0.7007524371147156 22
1721323528004 0.700137734413147 23
1721323528059 0.699526309967041 24
1721323528109 0.6989181637763977 25
1721323528214 0.6977113485336304 27
1721323528162 0.6983131766319275 26
1721323528264 0.6971127986907959 28
1721323528324 0.6965175271034241 29
1721323528383 0.6959253549575806 30
1721323528497 0.6953364610671997 31
1721323528788 0.6924394965171814 36
1721323528624 0.694168210029602 33
1721323528673 0.6935887336730957 34
1721323528732 0.693012535572052 35
1721323528562 0.6947506666183472 32
1721323528904 0.6913025379180908 38
1721323528849 0.6918694972991943 37
1721323528957 0.6907387971878052 39
1721323528997 0.6901780366897583 40
1721323529023 0.689620316028595 41
1721323529078 0.6885139346122742 43
1721323529134 0.6874194741249084 45
1721323529051 0.6890656352043152 42
1721323529107 0.6879652142524719 44
1721323529161 0.686876654624939 46
1721323529215 0.6857995986938477 48
1721323529187 0.6863367557525635 47
1721323529241 0.6852654218673706 49
1721323529267 0.6847339868545532 50
1721323529291 0.6842054128646851 51
1721323529347 0.6831564903259277 53
1721323529319 0.6836796402931213 52
1721323529429 0.6816049218177795 56
1721323529377 0.6826479434967041 54
1721323529403 0.6821192502975464 55
1721323529455 0.681093156337738 57
1721323529507 0.6800771951675415 59
1721323529482 0.6805838346481323 58
1721323529536 0.6795728206634521 60
1721323529569 0.6790710091590881 61
1721323529596 0.6785715818405151 62
1721323529622 0.6780745387077332 63
1721323529680 0.677087664604187 65
1721323529649 0.677579939365387 64
1721323529706 0.6765976548194885 66
1721323529758 0.6756246089935303 68
1721323529732 0.6761099696159363 67
1721323529787 0.675141453742981 69
1721323529839 0.6741818189620972 71
1721323529813 0.6746605634689331 70
1721323529920 0.6727586388587952 74
1721323529891 0.6732308864593506 73
1721323529865 0.6737052798271179 72
1721323530002 0.6713542938232422 77
1721323529949 0.6722885370254517 75
1721323529975 0.6718204021453857 76
1721323530028 0.670890212059021 78
1721323530056 0.6704281568527222 79
1721323530092 0.6699681282043457 80
1721323530129 0.6695099472999573 81
1721323530182 0.6690537333488464 82
1721323530221 0.6685994267463684 83
1721323530339 0.6668004393577576 87
1721323530309 0.6672474145889282 86
1721323530281 0.6676962971687317 85
1721323530252 0.6681469678878784 84
1721323530511 0.6650295853614807 91
1721323530448 0.665469765663147 90
1721323530395 0.6659116148948669 89
1721323530367 0.6663551330566406 88
1721323530727 0.6615656614303589 99
1721323530539 0.6645910739898682 92
1721323530619 0.6632851362228394 95
1721323530566 0.6641541719436646 93
1721323530591 0.6637188196182251 94
1721323530646 0.6628530025482178 96
1721323530671 0.6624224185943604 97
1721323530699 0.6619933247566223 98
1721323530754 0.6611394286155701 100
1721323530865 0.6594488620758057 104
1721323530806 0.6602913737297058 102
1721323530779 0.6607147455215454 101
1721323530837 0.6598694324493408 103
1721323530973 0.6577795743942261 108
1721323530894 0.6590296030044556 105
1721323530920 0.6586115956306458 106
1721323530999 0.6573654413223267 109
1721323530947 0.6581949591636658 107
1721323531158 0.6549053192138672 115
1721323531077 0.6561301946640015 112
1721323531104 0.6557207703590393 113
1721323531051 0.6565407514572144 111
1721323531025 0.6569525003433228 110
1721323531212 0.6540941596031189 117
1721323531130 0.6553124785423279 114
1721323531187 0.6544992327690125 116
1721323531271 0.6532872319221497 119
1721323531237 0.6536901593208313 118
1721323531334 0.6524842381477356 121
1721323531364 0.6520841717720032 122
1721323531302 0.6528851985931396 120
1721323531421 0.6512869596481323 124
1721323531393 0.6516851186752319 123
1721323531449 0.6508896350860596 125
1721323531576 0.6497030258178711 128
1721323531605 0.6493090391159058 129
1721323531476 0.6504932641983032 126
1721323531504 0.650097668170929 127
1721323531634 0.6489159464836121 130
1721323531691 0.6481320261955261 132
1721323531720 0.6477412581443787 133
1721323531748 0.6473511457443237 134
1721323531663 0.6485236883163452 131
1721323531806 0.6465729475021362 136
1721323531867 0.6457974910736084 138
1721323531775 0.6469616889953613 135
1721323531895 0.6454107165336609 139
1721323531837 0.6461849212646484 137
1721323531931 0.6450245380401611 140
1721323531986 0.6442539691925049 142
1721323532019 0.6438695192337036 143
1721323531958 0.6446390151977539 141
1721323532049 0.6434856057167053 144
1721323532075 0.64310222864151 145
1721323532317 0.6400551199913025 153
1721323532230 0.6411944627761841 150
1721323532192 0.6415736675262451 149
1721323532107 0.6427193880081177 146
1721323532135 0.6423370242118835 147
1721323532396 0.6389210820198059 156
1721323532263 0.6408131122589111 151
1721323532289 0.6404339075088501 152
1721323532422 0.6385436654090881 157
1721323532166 0.6419551372528076 148
1721323532343 0.6396766901016235 154
1721323532370 0.639298677444458 155
1721323532496 0.6377898454666138 159
1721323532466 0.638166606426239 158
1721323532523 0.6374132633209229 160
1721323532575 0.6366609334945679 162
1721323532549 0.6370370388031006 161
1721323532630 0.6359096169471741 164
1721323532746 0.634783923625946 167
1721323532719 0.6351589560508728 166
1721323532689 0.6355341672897339 165
1721323532604 0.6362851858139038 163
1721323532771 0.6344089508056641 168
1721323532824 0.6336597204208374 170
1721323532798 0.634034276008606 169
1721323532879 0.6329109072685242 172
1721323532904 0.6325366497039795 173
1721323532851 0.6332852244377136 171
1721323532959 0.6317886114120483 175
1721323532931 0.6321626305580139 174
1721323532984 0.6314146518707275 176
1721323533015 0.6310408115386963 177
1721323533041 0.630666971206665 178
1721323533092 0.6299195289611816 180
1721323533067 0.6302932500839233 179
1721323533124 0.6295458078384399 181
1721323533154 0.6291722059249878 182
1721323533181 0.6287986040115356 183
1721323533236 0.6280512809753418 185
1721323533209 0.6284249424934387 184
1721323533289 0.627303957939148 187
1721323533262 0.6276776790618896 186
1721323533316 0.6269302368164062 188
1721323533343 0.6265565156936646 189
1721323533371 0.6261826753616333 190
1721323533398 0.625808835029602 191
1721323533424 0.625434935092926 192
1721323533452 0.6250609159469604 193
1721323533478 0.6246868371963501 194
1721323533554 0.6235641241073608 197
1721323533502 0.624312698841095 195
1721323533528 0.6239384412765503 196
1721323533581 0.6231895685195923 198
1721323533647 0.622814953327179 199
1721323533674 0.6224402189254761 200
1721323533701 0.6220653653144836 201
1721323533727 0.6216903328895569 202
1721323533807 0.6205673217773438 205
1721323533834 0.6201918721199036 206
1721323533780 0.6209398508071899 204
1721323533754 0.6213151812553406 203
1721323533890 0.6194458603858948 208
1721323533859 0.6198190450668335 207
1721323533939 0.6186985969543457 210
1721323533914 0.619072437286377 209
1721323534045 0.6171998977661133 214
1721323533991 0.6179499626159668 212
1721323534072 0.6168243885040283 215
1721323533965 0.6183243989944458 211
1721323534099 0.6164485216140747 216
1721323534125 0.6160722374916077 217
1721323534019 0.6175751090049744 213
1721323534151 0.6156957149505615 218
1721323534176 0.615318775177002 219
1721323534235 0.6145639419555664 221
1721323534201 0.6149415969848633 220
1721323534292 0.6138077974319458 223
1721323534267 0.6141860485076904 222
1721323534376 0.6126711368560791 226
1721323534348 0.6130503416061401 225
1721323534320 0.6134292483329773 224
1721323534403 0.6122916340827942 227
1721323534469 0.6119117140769958 228
1721323534503 0.6115315556526184 229
1721323534560 0.6107701659202576 231
1721323534531 0.6111510396003723 230
1721323534586 0.610388994216919 232
1721323534612 0.6100074052810669 233
1721323534638 0.6096255779266357 234
1721323534690 0.6088695526123047 236
1721323534665 0.6092435121536255 235
1721323534717 0.608483076095581 237
1721323534744 0.6081045866012573 238
1721323534796 0.607345700263977 240
1721323534821 0.6069653034210205 241
1721323534769 0.6077253818511963 239
1721323534849 0.6065843105316162 242
1721323534875 0.6062028408050537 243
1721323534954 0.6050548553466797 246
1721323534901 0.6058207154273987 244
1721323534928 0.6054381132125854 245
1721323535006 0.6042869091033936 248
1721323534980 0.6046711206436157 247
1721323535033 0.6039021015167236 2491721323535058 0.6035168170928955 250
1721323535143 0.6023582220077515 253
1721323535111 0.6027448773384094 252
1721323535285 0.6011954545974731 256
1721323535219 0.6019710898399353 254
1721323535252 0.6015835404396057 255
1721323535316 0.6008070707321167 257
1721323535347 0.6004420518875122 258
1721323535378 0.6000350713729858 259
1721323535448 0.5992664098739624 261
1721323535415 0.5996510982513428 260
1721323535510 0.5984945297241211 263
1721323535552 0.5981075167655945 264
1721323535586 0.5977197289466858 265
1721323535615 0.5973312854766846 266
1721323535709 0.5961618423461914 269
1721323535678 0.596552312374115 268
1721323535778 0.595379114151001 271
1721323535646 0.596942126750946 267
1721323535743 0.5957708358764648 270
1721323535813 0.5949869155883789 272
1721323535844 0.5945941209793091 273
1721323535874 0.594200849533081 274
1721323535905 0.5938197374343872 275
1721323535938 0.5934197902679443 276
1721323536155 0.5914696455001831 281
1721323536123 0.5918614864349365 280
1721323536050 0.5926425457000732 278
1721323536223 0.5906834602355957 283
1721323536091 0.5922524929046631 279
1721323536189 0.5910769104957581 282
1721323535972 0.5930317044258118 277
1721323536257 0.5902891159057617 284
1721323536289 0.5898940563201904 285
1721323536320 0.5894983410835266 286
1721323536353 0.5891019105911255 287
1721323536387 0.5887048244476318 288
1721323536417 0.5883070826530457 289
1721323536509 0.5871259570121765 292
1721323536450 0.587929368019104 290
1721323536481 0.5875179767608643 291
1721323536540 0.5867328643798828 293
1721323536647 0.5855472087860107 296
1721323536572 0.5863386392593384 294
1721323536609 0.5859434604644775 295
1721323536760 0.5843530893325806 299
1721323536687 0.5851500034332275 297
1721323536792 0.5839533805847168 300
1721323536721 0.5847520232200623 298
1721323536905 0.583151638507843 302
1721323536825 0.583552896976471 301
1721323536984 0.5823559165000916 304
1721323537021 0.5819607973098755 305
1721323536948 0.5827815532684326 303
1721323537094 0.5811667442321777 307
1721323537056 0.5815644264221191 306
1721323537126 0.5807679891586304 308
1721323537162 0.5803682208061218 309
1721323537194 0.5799673199653625 310
1721323537274 0.5791627168655396 312
1721323537234 0.5795654654502869 311
1721323537370 0.5779585242271423 315
1721323537307 0.578758955001831 313
1721323537337 0.5783647298812866 314
1721323537445 0.5771623253822327 317
1721323537407 0.5775611400604248 316
1721323537477 0.5767621994018555 318
1721323537514 0.5763607621192932 319
1721323537544 0.5759580731391907 320
1721323537579 0.5755543112754822 321
1721323537685 0.5747435688972473 323
1721323537868 0.573940098285675 325
1721323537771 0.5743367075920105 324
1721323537988 0.5731302499771118 327
1721323537937 0.5735304355621338 326
1721323538023 0.5727285146713257 328
1721323538058 0.5723253488540649 329
1721323538091 0.5719207525253296 330
1721323538194 0.5706996917724609 333
1721323538124 0.5715149641036987 331
1721323538227 0.5702904462814331 334
1721323538261 0.5699111223220825 335
1721323538297 0.5694795250892639 336
1721323538329 0.5690770745277405 337
1721323538399 0.5682673454284668 339
1721323538363 0.5686730146408081 338
1721323538431 0.5678602457046509 340
1721323538547 0.5666308999061584 343
1721323538684 0.5658165216445923 345
1721323538469 0.5674517154693604 341
1721323538634 0.5662563443183899 344
1721323538503 0.5670419335365295 342
1721323538723 0.5654124021530151 346
1721323538762 0.56500643491745 347
1721323538834 0.564189612865448 349
1721323538797 0.564598798751831 348
1721323538872 0.5637788772583008 350
1721323538976 0.5625501871109009 353
1721323538906 0.5633667707443237 351
1721323539015 0.5622760057449341 354
1721323538941 0.5629673004150391 352
1721323539048 0.5619430541992188 355
1721323539083 0.5615399479866028 356
1721323539116 0.56107497215271 357
1721323539218 0.5598900318145752 360
1721323539150 0.5606346726417542 358
1721323539248 0.5595402717590332 361
1721323539282 0.5591355562210083 362
1721323539399 0.5583713054656982 364
1721323539362 0.5587560534477234 363
1721323539434 0.5579817891120911 365
1721323539502 0.5571896433830261 367
1721323539469 0.5575878024101257 366
1721323539538 0.5568163990974426 368
1721323539609 0.555997371673584 370
1721323539571 0.5563946962356567 369
1721323539646 0.5555962324142456 371
1721323539682 0.5551914572715759 372
1721323539717 0.5547834634780884 373
1721323539789 0.5540785193443298 375
1721323539754 0.5544652938842773 374
1721323539862 0.5532241463661194 377
1721323539831 0.5536649227142334 376
1721323539928 0.55247563123703 379
1721323539961 0.5520917177200317 380
1721323539896 0.5528533458709717 378
1721323540035 0.5517017841339111 381
1721323540143 0.5505263209342957 384
1721323540075 0.5513226985931396 382
1721323540212 0.549725353717804 386
1721323540106 0.5509192943572998 383
1721323540179 0.5501282215118408 385
1721323540252 0.5493181347846985 387
1721323540287 0.5489069819450378 388
1721323540321 0.5484921336174011 389
1721323540355 0.5481414794921875 390
1721323540392 0.5477263927459717 391
1721323540536 0.546126127243042 395
1721323540502 0.5465221405029297 394
1721323540431 0.5473024249076843 392
1721323540467 0.5469154119491577 393
1721323540750 0.5445468425750732 399
1721323540579 0.5457322597503662 396
1721323540616 0.5453354120254517 397
1721323540674 0.544933021068573 398
1721323540841 0.544130802154541 400
1721323540880 0.5437301397323608 401
1721323540978 0.5425285696983337 404
1721323540946 0.5429481863975525 403
1721323540911 0.5433239936828613 402
1721323541011 0.5421371459960938 405
1721323541078 0.5413352847099304 407
1721323541046 0.5417391657829285 406
1721323541107 0.5409354567527771 408
1721323541138 0.5405318737030029 409
1721323541169 0.5401369333267212 410
1721323541234 0.539339542388916 412
1721323541298 0.5385236740112305 414
1721323541202 0.5397414565086365 411
1721323541267 0.5389317274093628 413
1721323541363 0.5377261638641357 416
1721323541331 0.5381336212158203 415
1721323541464 0.5369213223457336 418
1721323541393 0.537326991558075 417
1721323541500 0.5365098118782043 419
1721323541532 0.5361350774765015 420
1721323541563 0.5357037782669067 421
1721323541594 0.5353071689605713 422
1721323541692 0.5340965986251831 425
1721323541726 0.5336925387382507 426
1721323541630 0.5349035263061523 423
1721323541659 0.5345146059989929 424
1721323541787 0.5328848958015442 428
1721323541757 0.5333150029182434 427
1721323541823 0.5324852466583252 429
1721323541853 0.5320960879325867 430
1721323541885 0.5316936373710632 431
1721323541950 0.5308908224105835 433
1721323541918 0.531295895576477 432
1721323541983 0.5304789543151855 434
1721323542059 0.53009432554245 435
1721323542130 0.5292451977729797 437
1721323542097 0.5296566486358643 436
1721323542193 0.5284057855606079 439
1721323542162 0.5288274884223938 438
1721323542223 0.5280524492263794 440
1721323542255 0.5276508331298828 441
1721323542285 0.5271994471549988 442
1721323542319 0.5267972350120544 443
1721323542422 0.5259710550308228 445
1721323542352 0.5263875722885132 444
1721323542457 0.5256023406982422 446
1721323542494 0.5251709818840027 447
1721323542525 0.524743914604187 448
1721323542562 0.524370551109314 449
1721323542590 0.5239520072937012 450
1721323542693 0.523552417755127 451
1721323542740 0.5231530070304871 452
1721323542772 0.5227453708648682 453
1721323542834 0.5219081044197083 455
1721323542804 0.5223301649093628 454
1721323542868 0.5214898586273193 456
1721323542934 0.5206514596939087 458
1721323543000 0.5198271870613098 460
1721323542899 0.5210663080215454 457
1721323542968 0.5202388167381287 459
1721323543031 0.5194175839424133 461
1721323543096 0.518596351146698 463
1721323543063 0.5190080404281616 462
1721323543132 0.5181816816329956 464
1721323543167 0.5177668929100037 465
1721323543201 0.5173517465591431 466
1721323543231 0.5169357657432556 467
1721323543365 0.5156823396682739 470
1721323543300 0.5165122747421265 468
1721323543335 0.5161213278770447 469
1721323543467 0.5144503116607666 473
1721323543401 0.5152735710144043 471
1721323543632 0.512376070022583 478
1721323543760 0.5107062458992004 482
1721323543567 0.5132191777229309 476
1721323543600 0.5127977132797241 477
1721323543434 0.5148563981056213 472
1721323543503 0.514037013053894 474
1721323543665 0.5119694471359253 479
1721323543888 0.509894847869873 484
1721323543730 0.5111284852027893 481
1721323543535 0.513632595539093 475
1721323543697 0.5115432739257812 480
1721323543951 0.5090633630752563 486
1721323543794 0.5103124380111694 483
1721323544019 0.5082160830497742 488
1721323543987 0.5086382627487183 487
1721323543922 0.5094833970069885 485
1721323544086 0.5074134469032288 490
1721323544053 0.5078439712524414 489
1721323544215 0.5057465434074402 494
1721323544119 0.5069767236709595 491
1721323544151 0.5065672397613525 492
1721323544182 0.5061774253845215 493
1721323544370 0.503649115562439 499
1721323544336 0.5040733218193054 498
1721323544244 0.5053329467773438 495
1721323544275 0.5049189329147339 496
1721323544404 0.5032248497009277 500
1721323544437 0.5028138160705566 501
1721323544306 0.5044959783554077 497
1721323544628 0.5011323690414429 505
1721323544474 0.5023938417434692 502
1721323544556 0.5019791126251221 503
1721323544596 0.5015559792518616 504
1721323544691 0.5003090500831604 507
1721323544661 0.5007103681564331 506
1721323544722 0.4998750686645508 508
1721323544756 0.49946218729019165 509
1721323544785 0.49904942512512207 510
1721323544816 0.49862703680992126 511
1721323544848 0.4982474446296692 512
1721323544878 0.49782028794288635 513
1721323545007 0.49693334102630615 515
1721323544914 0.49735796451568604 514
1721323545069 0.4965001344680786 516
1721323545125 0.4961457848548889 517
1721323545198 0.4952337443828583 519
1721323545165 0.4957221746444702 518
1721323545376 0.49323171377182007 524
1721323545344 0.49364376068115234 523
1721323545311 0.49404457211494446 522
1721323545279 0.4944504499435425 521
1721323545243 0.4948568344116211 520
1721323545409 0.4928092956542969 525
1721323545591 0.49105575680732727 529
1721323545479 0.4919373393058777 527
1721323545628 0.49060705304145813 530
1721323545447 0.49237751960754395 526
1721323545552 0.4914894700050354 528
1721323545700 0.489842027425766 532
1721323545731 0.4893791079521179 533
1721323545668 0.490237295627594 531
1721323545764 0.48893746733665466 534
1721323545798 0.4885319471359253 535
1721323545830 0.488115131855011 536
1721323545960 0.48643192648887634 540
1721323545863 0.48770299553871155 537
1721323545893 0.48727357387542725 538
1721323545924 0.48685553669929504 539
1721323546068 0.48514193296432495 543
1721323545993 0.4859986901283264 541
1721323546031 0.48555684089660645 542
1721323546160 0.4847162961959839 544
1721323546198 0.48425623774528503 545
1721323546427 0.4817144572734833 551
1721323546282 0.4834516942501068 547
1721323546236 0.48387181758880615 546
1721323546356 0.48256832361221313 549
1721323546467 0.4812847673892975 552
1721323546506 0.4808863401412964 553
1721323546587 0.4800378680229187 555
1721323546547 0.4804506003856659 554
1721323546716 0.47919967770576477 557
1721323546625 0.47962427139282227 556
1721323546769 0.47876495122909546 558
1721323546943 0.47667282819747925 563
1721323546808 0.4783821403980255 559
1721323546906 0.4770888686180115 562
1721323546875 0.47748053073883057 561
1721323546843 0.47793450951576233 560
1721323546977 0.4762271046638489 564
1721323547007 0.47580403089523315 565
1721323547073 0.4749276041984558 567
1721323547040 0.4753705561161041 566
1721323547138 0.47412794828414917 569
1721323547285 0.4728311598300934 572
1721323547205 0.47365808486938477 570
1721323547103 0.47453606128692627 568
1721323547246 0.4732418954372406 571
1721323547320 0.472408652305603 573
1721323547398 0.47153234481811523 575
1721323547438 0.47114890813827515 576
1721323547362 0.47197532653808594 574
1721323547474 0.47071051597595215 577
1721323547541 0.4698457419872284 579
1721323547513 0.47024792432785034 578
1721323547572 0.46943458914756775 580
1721323547606 0.46901142597198486 581
1721323547673 0.46813341975212097 583
1721323547638 0.4685772955417633 582
1721323547705 0.4677131175994873 584
1721323547737 0.46729618310928345 585
1721323547798 0.4668755531311035 586
1721323547839 0.46644341945648193 587
1721323547873 0.4660313129425049 588
1721323547905 0.4656071066856384 589
1721323547936 0.4651718735694885 590
1721323548005 0.4643063545227051 592
1721323547974 0.4647267162799835 591
1721323548036 0.46392953395843506 593
1721323548099 0.46302029490470886 595
1721323548067 0.46349528431892395 594
1721323548167 0.46223145723342896 597
1721323548135 0.4626324772834778 596
1721323548239 0.4618169069290161 598
1721323548277 0.46139010787010193 599
1721323548310 0.4609966278076172 600
1721323548407 0.45966285467147827 603
1721323548376 0.4600980281829834 602
1721323548341 0.4605661630630493 601
1721323548440 0.45921748876571655 604
1721323548470 0.4587629437446594 605
1721323548540 0.4579648971557617 607
1721323548503 0.4583762586116791 606
1721323548570 0.45749911665916443 608
1721323548609 0.45707032084465027 609
1721323548641 0.45666590332984924 610
1721323548747 0.4554016590118408 613
1721323548673 0.4562561511993408 611
1721323548818 0.45497143268585205 614
1721323548708 0.455833375453949 612
1721323548850 0.4545326828956604 615
1721323548915 0.45369672775268555 617
1721323548882 0.4540839195251465 616
1721323548949 0.4532991349697113 618
1721323548984 0.452877402305603 619
1721323549052 0.4520399570465088 621
1721323549122 0.4512239992618561 623
1721323549016 0.4524405300617218 620
1721323549090 0.45163893699645996 622
1721323549157 0.45083481073379517 624
1721323549189 0.4504031240940094 625
1721323549220 0.4499841034412384 626
1721323549252 0.44957032799720764 627
1721323549323 0.44870537519454956 629
1721323549287 0.4491436779499054 628
1721323549357 0.4483097791671753 630
1721323549389 0.44789135456085205 631
1721323549537 0.44743379950523376 632
1721323549642 0.44664373993873596 634
1721323549673 0.44617384672164917 635
1721323549575 0.44704926013946533 633
1721323549738 0.44535914063453674 637
1721323549776 0.44494307041168213 638
1721323549705 0.4457610249519348 636
1721323549839 0.4441737234592438 640
1721323549872 0.4437674880027771 641
1721323549906 0.44332146644592285 642
1721323549942 0.44285380840301514 643
1721323550007 0.44203975796699524 645
1721323549978 0.4424322545528412 644
1721323550084 0.4416428804397583 646
1721323550185 0.4403775930404663 649
1721323550153 0.4407844543457031 648
1721323550250 0.43959999084472656 651
1721323550216 0.44000691175460815 650
1721323550287 0.4391539990901947 652
1721323550319 0.43872353434562683 653
1721323550349 0.4383355975151062 654
1721323550384 0.4378697872161865 655
1721323550419 0.4374254643917084 656
1721323550565 0.4371263384819031 657
1721323550597 0.4367472231388092 658
1721323550702 0.43542835116386414 661
1721323550666 0.4358057379722595 660
1721323550633 0.4362775981426239 659
1721323550736 0.4350341260433197 662
1721323550770 0.43462473154067993 663
1721323550836 0.4337660074234009 665
1721323550871 0.4333193302154541 666
1721323550803 0.43420156836509705 664
1721323550946 0.43250444531440735 668
1721323550912 0.43291550874710083 667
1721323550977 0.432070791721344 669
1721323551053 0.4312626123428345 671

1721323551085 0.43084537982940674 672
1721323551118 0.43045318126678467 673
1721323551153 0.43003934621810913 674
1721323551187 0.42959821224212646 675
1721323551365 0.42799264192581177 679
1721323551297 0.42879632115364075 677
1721323551260 0.4291977882385254 676
1721323551334 0.4283868372440338 678
1721323551474 0.42677098512649536 682
1721323551434 0.42716825008392334 681
1721323551403 0.42756417393684387 680
1721323551506 0.4263675808906555 683
1721323551569 0.4255463182926178 685
1721323551536 0.4259280562400818 684
1721323551601 0.42513322830200195 686
1721323551667 0.4247218370437622 687
1721323551741 0.42390596866607666 689
1721323551836 0.42268940806388855 692
1721323551704 0.42431285977363586 688
1721323551770 0.4234825670719147 690
1721323551804 0.42308279871940613 691
1721323551872 0.422283411026001 693
1721323551941 0.4214944839477539 695
1721323551911 0.421924889087677 694
1721323551978 0.42110317945480347 696
1721323552017 0.4207056164741516 697
1721323552083 0.4202714264392853 698
1721323552179 0.4190549850463867 701
1721323552114 0.4198310971260071 699
1721323552149 0.41945135593414307 700
1721323552245 0.4182668626308441 703
1721323552212 0.4186435043811798 702
1721323552472 0.4154130220413208 710
1721323552307 0.4174441695213318 705
1721323552276 0.4178193211555481 704
1721323552340 0.417072594165802 706
1721323552371 0.4166855812072754 707
1721323552406 0.41626277565956116 708
1721323552610 0.41423287987709045 713
1721323552506 0.4149964451789856 711
1721323552575 0.41464364528656006 712
1721323552437 0.4158151149749756 709
1721323552671 0.4133695363998413 715
1721323552644 0.4137621521949768 714
1721323552705 0.41301923990249634 716
1721323552739 0.41271811723709106 717
1721323552813 0.4118558168411255 719
1721323552849 0.41141563653945923 720
1721323552882 0.41103625297546387 721
1721323552918 0.41058072447776794 722
1721323552773 0.41226252913475037 718
1721323552996 0.4098239541053772 724
1721323553030 0.40945306420326233 725
1721323552960 0.41015902161598206 723
1721323553065 0.4090288579463959 726
1721323553129 0.40820103883743286 728
1721323553096 0.4085782766342163 727
1721323553267 0.40699025988578796 731
1721323553160 0.4078068137168884 729
1721323553232 0.40740522742271423 730
1721323553298 0.4065704345703125 732
1721323553330 0.4061570465564728 733
1721323553395 0.4053531289100647 735
1721323553365 0.4057502746582031 734
1721323553460 0.40459614992141724 737
1721323553428 0.40496551990509033 736
1721323553528 0.40382540225982666 739
1721323553497 0.4042288064956665 738
1721323553557 0.4034464955329895 740
1721323553592 0.40299367904663086 741
1721323553628 0.40259963274002075 742
1721323553663 0.4022020995616913 743
1721323553841 0.40061837434768677 747
1721323553776 0.401416540145874 745
1721323553874 0.40022748708724976 748
1721323553908 0.39981329441070557 749
1721323553808 0.4010010361671448 746
1721323554016 0.39863473176956177 752
1721323553939 0.3994172215461731 750
1721323553982 0.39903414249420166 751
1721323554047 0.39826643466949463 753
1721323554086 0.3978224992752075 754
1721323554152 0.3971084952354431 756
1721323554183 0.3967289924621582 757
1721323554119 0.39746084809303284 755
1721323554217 0.3963160812854767 758
1721323554252 0.3958732485771179 759
1721323554316 0.39508992433547974 761
1721323554440 0.3943556845188141 763
1721323554284 0.39548996090888977 760
1721323554348 0.39474406838417053 762
1721323554513 0.3935316801071167 765
1721323554547 0.3931988775730133 766
1721323554481 0.39390838146209717 764
1721323554619 0.3924272656440735 768
1721323554584 0.3928300440311432 767
1721323554652 0.39199408888816833 769
1721323554761 0.39082518219947815 772
1721323554689 0.3915961682796478 770
1721323554722 0.3913155496120453 771
1721323554909 0.3893375098705292 776
1721323554839 0.39008694887161255 774
1721323554797 0.39039885997772217 773
1721323554876 0.3897075951099396 775
1721323554952 0.3889614939689636 777
1721323555020 0.3881362974643707 779
1721323554984 0.3885532021522522 778
1721323555142 0.38694965839385986 782
1721323555105 0.3873605728149414 781
1721323555066 0.38775670528411865 780
1721323555250 0.38575029373168945 785
1721323555214 0.386197030544281 784
1721323555177 0.38658636808395386 783
1721323555287 0.38534975051879883 786
1721323555324 0.38499170541763306 787
1721323555466 0.3842114508152008 789
1721323555407 0.3846176564693451 788
1721323555650 0.38226309418678284 794
1721323555569 0.3830264210700989 792
1721323555613 0.3826459050178528 793
1721323555727 0.3814864754676819 796
1721323555502 0.38389962911605835 790
1721323555536 0.38347259163856506 791
1721323555685 0.3818500339984894 795
1721323555763 0.3811049461364746 797
1721323555833 0.3803245425224304 799
1721323555802 0.380715012550354 798
1721323555958 0.3791852295398712 802
1721323555865 0.3799257278442383 800
1721323555899 0.37953466176986694 801
1721323556030 0.3784511089324951 804
1721323556133 0.3773217499256134 807
1721323555992 0.3787628710269928 803
1721323556065 0.3780262768268585 805
1721323556099 0.37766921520233154 806
1721323556168 0.37694066762924194 808
1721323556244 0.3765344023704529 809
1721323556284 0.37612107396125793 810
1721323556389 0.37503179907798767 813
1721323556589 0.37312543392181396 818
1721323556437 0.37464672327041626 814
1721323556517 0.37386080622673035 816
1721323556479 0.37426403164863586 815
1721323556352 0.37539952993392944 812
1721323556551 0.37346774339675903 817
1721323556625 0.3727596402168274 819
1721323556656 0.3724167048931122 820
1721323556692 0.37207934260368347 821
1721323556769 0.37167274951934814 822
1721323556839 0.3709643483161926 824
1721323556872 0.3706148564815521 825
1721323556806 0.3713131546974182 823
1721323556903 0.3702389597892761 826
1721323556944 0.3698342442512512 827
1721323557011 0.3691639006137848 829
1721323556977 0.36949819326400757 828
1721323557092 0.3688254654407501 830
1721323557122 0.36844295263290405 831
1721323557199 0.36778512597084045 833
1721323557326 0.3663320541381836 837
1721323557263 0.36703553795814514 835
1721323557233 0.36744439601898193 834
1721323557164 0.3681020438671112 832
1721323557295 0.36669760942459106 836
1721323557363 0.36593419313430786 838
1721323557415 0.3655930459499359 839
1721323557466 0.3652500510215759 840
1721323557602 0.3637842535972595 844
1721323557572 0.36413007974624634 843
1721323557535 0.3644828200340271 842
1721323557499 0.36484479904174805 841
1721323557634 0.3634444773197174 845
1721323557699 0.3626876175403595 847
1721323557669 0.3630463182926178 846
1721323557737 0.3624163269996643 848
1721323557810 0.3619875907897949 849
1721323557849 0.3616645932197571 850
1721323558018 0.359923779964447 855
1721323557882 0.3613598644733429 851
1721323557985 0.36031651496887207 854
1721323557953 0.3606798052787781 853
1721323557920 0.3610296845436096 852
1721323558157 0.358897864818573 858
1721323558051 0.35958534479141235 856
1721323558083 0.3592372536659241 857
1721323558197 0.3585647642612457 859
1721323558228 0.35820597410202026 860
1721323558260 0.3578319847583771 861
1721323558299 0.35745736956596375 862
1721323558333 0.3571118116378784 863
1721323558403 0.3563706874847412 865
1721323558366 0.35669922828674316 864
1721323558437 0.3560642600059509 866
1721323558500 0.3553957939147949 868
1721323558469 0.35572099685668945 867
1721323558534 0.35501015186309814 869
1721323558725 0.3542555868625641 871
1721323558662 0.3546302020549774 870
1721323558795 0.3535800874233246 873
1721323558757 0.3538980484008789 872
1721323558863 0.35293519496917725 875
1721323558961 0.35188135504722595 878
1721323558829 0.35323700308799744 874
1721323558897 0.3525902032852173 876
1721323558928 0.35218584537506104 877
1721323559026 0.35115933418273926 880
1721323559163 0.35011088848114014 883
1721323558992 0.35151857137680054 879
1721323559094 0.350820392370224 881
1721323559133 0.350464403629303 882
1721323559206 0.3497534394264221 884
1721323559304 0.3487159013748169 887
1721323559241 0.3493954539299011 885
1721323559333 0.348356157541275 888
1721323559269 0.34908348321914673 886
1721323559365 0.3480531573295593 889
1721323559464 0.34698888659477234 892
1721323559432 0.34733009338378906 891
1721323559397 0.3476580083370209 890
1721323559542 0.34664222598075867 893
1721323559590 0.3463055491447449 894
1721323559658 0.3456098735332489 896
1721323559625 0.3459589183330536 895
1721323559785 0.34429579973220825 900
1721323559720 0.3449700176715851 898
1721323559688 0.3452896475791931 897
1721323559857 0.3436034023761749 902
1721323559751 0.3446313738822937 899
1721323559819 0.3439342975616455 901
1721323559889 0.3432385325431824 903
1721323559923 0.34289467334747314 904
1721323559965 0.34255364537239075 905
1721323559997 0.3422500789165497 906
1721323560036 0.34188607335090637 907
1721323560069 0.3415464758872986 908
1721323560102 0.34120050072669983 909
1721323560199 0.34020593762397766 912
1721323560134 0.3408777117729187 910
1721323560165 0.34059226512908936 911
1721323560234 0.33985617756843567 913
1721323560335 0.33919307589530945 915
1721323560265 0.33953994512557983 914
1721323560369 0.33888623118400574 916
1721323560412 0.33855119347572327 917
1721323560442 0.3382270336151123 918
1721323560509 0.33754628896713257 920
1721323560577 0.33685624599456787 922
1721323560476 0.33791449666023254 919
1721323560540 0.33718276023864746 921
1721323560616 0.3364986777305603 923
1721323560656 0.3361464738845825 924
1721323560693 0.33583202958106995 925
1721323560725 0.33545708656311035 926
1721323560759 0.3351283669471741 927
1721323560843 0.3348279893398285 928
1721323560917 0.33421140909194946 930
1721323560884 0.334509015083313 929
1721323560953 0.3338574767112732 931
1721323560988 0.3334975242614746 932
1721323561091 0.33251863718032837 935
1721323561126 0.33215510845184326 936
1721323561020 0.33317846059799194 933
1721323561055 0.33284419775009155 934
1721323561170 0.33184614777565 937
1721323561213 0.33153125643730164 938
1721323561248 0.33119189739227295 939
1721323561315 0.33062052726745605 941
1721323561280 0.3309360146522522 940
1721323561350 0.330232709646225 942
1721323561385 0.3298472762107849 943
1721323561534 0.3289497494697571 946
1721323561420 0.32955682277679443 944
1721323561576 0.3285771608352661 947
1721323561615 0.3282650113105774 948
1721323561694 0.32796335220336914 949
1721323561734 0.32767146825790405 950
1721323561788 0.32732483744621277 951
1721323561870 0.3266001343727112 953
1721323561835 0.32696157693862915 952
1721323562007 0.32567688822746277 956
1721323561975 0.32602065801620483 955
1721323561943 0.3263305723667145 954
1721323562037 0.3252938985824585 957
1721323562077 0.32492053508758545 958
1721323562206 0.3243362307548523 960
1721323562114 0.3246489465236664 959
1721323562348 0.32363855838775635 962
1721323562387 0.32333844900131226 963
1721323562288 0.3239784240722656 961
1721323562423 0.3230243921279907 964
1721323562530 0.3220776319503784 967
1721323562460 0.3226643204689026 965
1721323562493 0.3223884403705597 966
1721323562610 0.3217395842075348 968
1721323562646 0.3214244246482849 969
1721323562678 0.3210805356502533 970
1721323562710 0.3207891583442688 971
1721323562775 0.32013562321662903 973
1721323562744 0.32047587633132935 972
1721323562809 0.3197562098503113 974
1721323562911 0.318781316280365 977
1721323562881 0.31914588809013367 976
1721323562845 0.3194328248500824 975
1721323562944 0.31853535771369934 978
1721323562980 0.318247526884079 979
1721323563016 0.31790339946746826 980
1721323563149 0.3165659010410309 984
1721323563052 0.3175114095211029 981
1721323563118 0.31686580181121826 983
1721323563081 0.31720057129859924 982
1721323563222 0.3159640431404114 986
1721323563349 0.3153403401374817 988
1721323563306 0.315612256526947 987
1721323563184 0.3162704110145569 985
1721323563381 0.3150504231452942 989
1721323563413 0.31473907828330994 990
1721323563479 0.3140491843223572 992
1721323563446 0.3143775761127472 991
1721323563578 0.3130631744861603 995
1721323563546 0.3134361505508423 994
1721323563514 0.31372231245040894 993
1721323563612 0.31277158856391907 996
1721323563643 0.31249433755874634 997
1721323563723 0.3121545910835266 998
1721323563762 0.31185394525527954 999
