1721328048645 0.25 0
1721328048680 0.25 1
1721328048748 0.25 3
1721328048707 0.25 2
1721328048780 0.25 4
1721328048812 0.25 5
1721328048902 0.25 8
1721328048873 0.25 7
1721328048838 0.25 6
1721328048933 0.25 9
1721328048961 0.25 10
1721328048989 0.25 11
1721328049046 0.25 13
1721328049080 0.25 14
1721328049116 0.25 15
1721328049146 0.25 16
1721328049172 0.25 17
1721328049200 0.25 18
1721328049229 0.25 19
1721328049255 0.25 20
1721328049306 0.25 22
1721328049281 0.25 21
1721328049393 0.25 24
1721328049332 0.25 23
