1721328048645 0.7245266437530518 0
1721328048680 0.7241127490997314 1
1721328048748 0.7232908010482788 3
1721328048707 0.723700761795044 2
1721328048780 0.7228829264640808 4
1721328048873 0.7216715216636658 7
1721328048812 0.7224770784378052 5
1721328048902 0.7212716937065125 8
1721328048838 0.7220733165740967 6
1721328048933 0.720874011516571 9
1721328048961 0.7204782366752625 10
1721328049018 0.7196928262710571 12
1721328048989 0.720084547996521 11
1721328049046 0.7193030714988708 13
1721328049116 0.7185293436050415 15
1721328049146 0.7181452512741089 16
1721328049200 0.717383086681366 18
1721328049172 0.7177631855010986 17
1721328049229 0.7170047163963318 19
1721328049255 0.7166280746459961 20
1721328049281 0.7162533402442932 21
1721328049306 0.7158804535865784 22
1721328049332 0.7155091762542725 23
1721328049393 0.7151397466659546 24
