1721327478557 0.75 0
1721327478643 0.5 2
1721327478594 0.5 1
1721327478841 0.5 5
1721327478708 0.5 3
1721327478768 0.5 4
1721327479092 0.5 7
1721327479175 0.5 8
1721327478963 0.5 6
1721327479353 0.5 10
1721327479274 0.5 9
1721327479479 0.5 11
1721327479617 0.5 13
1721327479548 0.5 12
1721327479762 0.5 15
1721327479685 0.5 14
1721327479831 0.5 16
1721327479968 0.5 17
1721327480041 0.5 18
1721327480178 0.5 20
1721327480108 0.5 19
1721327480252 0.5 21
1721327480517 0.5 24
1721327480324 0.5 22
1721327480391 0.5 23
1721327480591 0.5 25
1721327480655 0.5 26
1721327480972 0.5 30
1721327480780 0.5 28
1721327480716 0.5 27
1721327480919 0.5 29
1721327481045 0.5 31
1721327481109 0.5 32
1721327481445 0.5 36
1721327481175 0.5 33
1721327481237 0.5 34
1721327481382 0.5 35
1721327481513 0.5 37
1721327481798 0.5 40
1721327481590 0.5 38
1721327481670 0.5 39
1721327481874 0.5 41
1721327481946 0.5 42
1721327482375 0.5 46
1721327482198 0.5 45
1721327482021 0.5 43
1721327482127 0.5 44
1721327482457 0.5 47
1721327482536 0.5 48
1721327482653 0.5 50
1721327482597 0.5 49
1721327482685 0.5 51
1721327482719 0.5 52
1721327482793 0.5 53
1721327482853 0.5 55
1721327482824 0.5 54
1721327482911 0.5 57
1721327482881 0.5 56
1721327482940 0.5 58
1721327482971 0.5 59
1721327483001 0.5 60
1721327483032 0.5 61
1721327483069 0.5 62
1721327483130 0.5 64
1721327483162 0.5 65
1721327483099 0.5 63
1721327483192 0.5 66
1721327483223 0.5 67
1721327483253 0.5 68
1721327483281 0.5 69
1721327483310 0.5 70
1721327483340 0.5 71
1721327483368 0.5 72
1721327483482 0.5 76
1721327483451 0.5 75
1721327483509 0.5 77
1721327483422 0.5 74
1721327483395 0.5 73
1721327483538 0.5 78
1721327483567 0.5 79
1721327483594 0.5 80
1721327483623 0.5 81
1721327483649 0.5 82
1721327483706 0.5 84
1721327483678 0.5 83
1721327483761 0.5 86
1721327483790 0.5 87
1721327483733 0.5 85
1721327483819 0.5 88
1721327483876 0.5 90
1721327483848 0.5 89
1721327483904 0.5 91
1721327483962 0.5 93
1721327483933 0.5 92
1721327483992 0.5 94
1721327484054 0.5 96
1721327484081 0.5 97
1721327484020 0.5 95
1721327484108 0.5 98
1721327484191 0.5 101
1721327484163 0.5 100
1721327484136 0.5 99
1721327484218 0.5 102
1721327484275 0.5 104
1721327484246 0.5 103
1721327484301 0.5 105
1721327484358 0.5 107
1721327484329 0.5 106
1721327484387 0.5 108
1721327484442 0.5 110
1721327484414 0.5 109
1721327484470 0.5 111
1721327484498 0.5 112
1721327484585 0.5 115
1721327484528 0.5 113
1721327484556 0.5 114
1721327484644 0.5 117
1721327484613 0.5 116
1721327484674 0.5 118
1721327484702 0.5 119
1721327484731 0.5 120
1721327484759 0.5 121
1721327484788 0.5 122
1721327484815 0.5 123
1721327484843 0.5 124
1721327484933 0.5 127
1721327484874 0.5 125
1721327484961 0.5 128
1721327484900 0.5 126
1721327484992 0.5 129
1721327485061 0.5 130
1721327485244 0.5 135
1721327485120 0.5 132
1721327485091 0.5 131
1721327485217 0.5 134
1721327485183 0.5 133
1721327485300 0.5 137
1721327485442 0.5 142
1721327485388 0.5 140
1721327485272 0.5 136
1721327485501 0.5 144
1721327485359 0.5 139
1721327485472 0.5 143
1721327485327 0.5 138
1721327485414 0.5 141
1721327485529 0.5 145
1721327485590 0.5 147
1721327485559 0.5 146
1721327485617 0.5 148
1721327485646 0.5 149
1721327485702 0.5 151
1721327485674 0.5 150
1721327485803 0.5 154
1721327485735 0.5 152
1721327485831 0.5 155
1721327485773 0.5 153
1721327485862 0.5 156
1721327485889 0.5 157
1721327485916 0.5 158
1721327485944 0.5 159
1721327486035 0.5 162
1721327486005 0.5 161
1721327486064 0.5 163
1721327485976 0.5 160
1721327486124 0.5 165
1721327486094 0.5 164
1721327486155 0.5 166
1721327486184 0.5 167
1721327486213 0.5 168
1721327486311 0.5 171
1721327486281 0.5 170
1721327486342 0.5 172
1721327486370 0.5 173
1721327486399 0.5 174
1721327486427 0.5 175
1721327486453 0.5 176
1721327486488 0.5 177
1721327486547 0.5 179
1721327486674 0.5 182
1721327486518 0.5 178
1721327486609 0.5 181
1721327486707 0.5 183
1721327486578 0.5 180
1721327486736 0.5 184
1721327486764 0.5 185
1721327486825 0.5 187
1721327486796 0.5 186
1721327486881 0.5 189
1721327486910 0.5 190
1721327486968 0.5 192
1721327486939 0.5 191
1721327486854 0.5 188
1721327487024 0.5 194
1721327486995 0.5 193
1721327487080 0.5 196
1721327487109 0.5 197
1721327487053 0.5 195
1721327487140 0.5 198
1721327487194 0.5 200
1721327487281 0.5 203
1721327487341 0.5 205
1721327487311 0.5 204
1721327487222 0.5 201
1721327487395 0.5 207
1721327487251 0.5 202
1721327487367 0.5 206
1721327487429 0.5 208
1721327487458 0.5 209
1721327487487 0.5 210
1721327487517 0.5 211
1721327487577 0.5 213
1721327487644 0.5 215
1721327487681 0.5 216
1721327487547 0.5 212
1721327487605 0.5 214
1721327487718 0.5 217
1721327487753 0.5 218
1721327487925 0.5 222
1721327487784 0.5 219
1721327487853 0.5 220
1721327487886 0.5 221
1721327487999 0.5 224
1721327487960 0.5 223
1721327488067 0.5 226
1721327488036 0.5 225
1721327488117 0.5 227
1721327488147 0.5 228
1721327488278 0.5 232
1721327488244 0.5 231
1721327488211 0.5 230
1721327488177 0.5 229
1721327488317 0.5 233
1721327488348 0.5 234
1721327488438 0.5 237
1721327488380 0.5 235
1721327488409 0.5 236
1721327488494 0.5 239
1721327488580 0.5 242
1721327488553 0.5 241
1721327488524 0.5 240
1721327488611 0.5 243
1721327488640 0.5 244
1721327488670 0.5 245
1721327488696 0.5 246
1721327488729 0.5 247
1721327488785 0.5 249
1721327488757 0.5 248
1721327488839 0.5 251
1721327488867 0.5 252
1721327488973 0.5 254
1721327488900 0.5 253
1721327489014 0.5 255
1721327489055 0.5 256
1721327489097 0.5 257
1721327489182 0.5 259
1721327489141 0.5 258
1721327489223 0.75 260
1721327489307 0.75 262
1721327489347 0.75 263
1721327489266 0.75 261
1721327489388 0.75 264
1721327489460 0.75 266
1721327489427 0.75 265
1721327489487 0.75 267
1721327489517 0.75 268
1721327489549 0.75 269
1721327489579 0.75 270
1721327489607 0.75 271
1721327489635 0.75 272
1721327489663 0.75 273
1721327489691 0.75 274
1721327489723 0.75 275
1721327489780 0.75 277
1721327489810 0.75 278
1721327489751 0.75 276
1721327489866 0.75 280
1721327489896 0.75 281
1721327489925 0.75 282
1721327489838 0.75 279
1721327489985 0.75 283
1721327490091 0.75 286
1721327490054 0.75 285
1721327490021 0.75 284
1721327490127 0.75 287
1721327490161 0.75 288
1721327490189 0.75 289
1721327490219 0.75 290
1721327490250 0.75 291
1721327490314 0.75 293
1721327490345 0.75 294
1721327490280 0.75 292
1721327490440 0.75 297
1721327490375 0.75 295
1721327490471 0.75 298
1721327490406 0.75 296
1721327490505 0.75 299
1721327490544 0.75 300
1721327490604 0.75 302
1721327490669 0.75 304
1721327490577 0.75 301
1721327490729 0.75 306
1721327490637 0.75 303
1721327490698 0.75 305
1721327490759 0.75 307
1721327490871 0.75 308
1721327490904 0.75 309
1721327490936 0.75 310
1721327490963 0.75 311
1721327491000 0.75 312
1721327491030 0.75 313
1721327491092 0.75 315
1721327491061 0.75 314
1721327491121 0.75 316
1721327491152 0.75 317
1721327491183 0.75 318
1721327491277 0.75 321
1721327491245 0.75 320
1721327491311 0.75 322
1721327491372 0.75 324
1721327491341 0.75 323
1721327491216 0.75 319
1721327491431 0.75 326
1721327491402 0.75 325
1721327491466 0.75 327
1721327491494 0.75 328
1721327491524 0.75 329
1721327491651 0.75 332
1721327491557 0.75 330
1721327491684 0.75 333
1721327491584 0.75 331
1721327491712 0.75 334
1721327491743 0.75 335
1721327491773 0.75 336
1721327491804 0.75 337
1721327491833 0.75 338
1721327491894 0.75 340
1721327491923 0.75 341
1721327491861 0.75 339
1721327491955 0.75 342
1721327491983 0.75 343
1721327492015 0.75 344
1721327492080 0.75 346
1721327492046 0.75 345
1721327492111 0.75 347
1721327492149 0.75 348
1721327492187 0.75 349
1721327492221 0.75 350
1721327492255 0.75 351
1721327492286 0.75 352
1721327492384 0.75 354
1721327492316 0.75 353
1721327492433 0.75 355
1721327492471 0.75 356
1721327492505 0.75 357
1721327492580 0.75 359
1721327492613 0.75 360
1721327492543 0.75 358
1721327492645 0.75 361
1721327492680 0.75 362
1721327492712 0.75 363
1721327492779 0.75 365
1721327492847 0.75 367
1721327492812 0.75 366
1721327492944 0.75 370
1721327492745 0.75 364
1721327492883 0.75 368
1721327492913 0.75 369
1721327492978 0.75 371
1721327493012 0.75 372
1721327493044 0.75 373
1721327493131 0.75 374
1721327493196 0.75 376
1721327493164 0.75 375
1721327493228 0.75 377
1721327493260 0.75 378
1721327493293 0.75 379
1721327493362 0.75 381
1721327493329 0.75 380
1721327493395 0.75 382
1721327493427 0.75 383
1721327493461 0.75 384
1721327493505 0.75 385
1721327493568 0.75 387
1721327493536 0.75 386
1721327493642 0.75 389
1721327493606 0.75 388
1721327493681 0.75 390
1721327493748 0.75 392
1721327493716 0.75 391
1721327493781 0.75 393
1721327493868 0.75 394
1721327493959 0.75 396
1721327493920 0.75 395
1721327493992 0.75 397
1721327494060 0.75 399
1721327494022 0.75 398
1721327494124 0.75 401
1721327494091 0.75 400
1721327494164 0.75 402
1721327494197 0.75 403
1721327494229 0.75 404
1721327494267 0.75 405
1721327494301 0.75 406
1721327494327 0.75 407
1721327494513 0.75 411
1721327494357 0.75 408
1721327494541 0.75 412
1721327494383 0.75 409
1721327494408 0.75 410
1721327494566 0.75 413
1721327494594 0.75 414
1721327494622 0.75 415
1721327494649 0.75 416
1721327494730 0.75 419
1721327494675 0.75 417
1721327494702 0.75 418
1721327494783 0.75 421
1721327494809 0.75 422
1721327494757 0.75 420
1721327494835 0.75 423
1721327494863 0.75 424
1721327494892 0.75 425
1721327494924 0.75 426
1721327494950 0.75 427
1721327494977 0.75 428
1721327495123 0.75 432
1721327495097 0.75 431
1721327495070 0.75 430
1721327495149 0.75 433
1721327495177 0.75 434
1721327495213 0.75 435
1721327495243 0.75 436
1721327495269 0.75 437
1721327495295 0.75 438
1721327495321 0.75 439
1721327495348 0.75 440
1721327495377 0.75 441
1721327495431 0.75 443
1721327495406 0.75 442
1721327495458 0.75 444
1721327495512 0.75 446
1721327495487 0.75 445
1721327495665 0.75 449
1721327495638 0.75 448
1721327495538 0.75 447
1721327495744 0.75 452
1721327495717 0.75 451
1721327495692 0.75 450
1721327495771 0.75 453
1721327495797 0.75 454
1721327495826 0.75 455
1721327495854 0.75 456
1721327495908 0.75 458
1721327495935 0.75 459
1721327495881 0.75 457
1721327495967 0.75 460
1721327496020 0.75 462
1721327495993 0.75 461
1721327496047 0.75 463
1721327496108 0.75 464
1721327496142 0.75 465
1721327496171 0.75 466
1721327496197 0.75 467
1721327496250 0.75 469
1721327496224 0.75 468
1721327496302 0.75 471
1721327496356 0.75 473
1721327496276 0.75 470
1721327496329 0.75 472
1721327496383 0.75 474
1721327496423 0.75 475
1721327496461 0.75 476
1721327496489 0.75 477
1721327496514 0.75 478
1721327496637 0.75 481
1721327496541 0.75 479
1721327496569 0.75 480
1721327496665 0.75 482
1721327496699 0.75 483
1721327496724 0.75 484
1721327496755 0.75 485
1721327496781 0.75 486
1721327496807 0.75 487
1721327496834 0.75 488
1721327496860 0.75 489
1721327496913 0.75 491
1721327496940 0.75 492
1721327496969 0.75 493
1721327496886 0.75 490
1721327496995 0.75 494
1721327497021 0.75 495
1721327497078 0.75 497
1721327497050 0.75 496
1721327497106 0.75 498
1721327497160 0.75 500
1721327497135 0.75 499
1721327497286 0.75 503
1721327497232 0.75 501
1721327497258 0.75 502
1721327497312 0.75 504
1721327497347 0.75 505
1721327497403 0.75 507
1721327497376 0.75 506
1721327497428 0.75 508
1721327497454 0.75 509
1721327497481 0.75 510
1721327497564 0.75 513
1721327497510 0.75 511
1721327497537 0.75 512
1721327497593 0.75 514
1721327497624 0.75 515
1721327497654 0.75 516
1721327497682 0.75 517
1721327497709 0.75 518
1721327497772 0.75 519
1721327497801 0.75 520
1721327497855 0.75 522
1721327497829 0.75 521
1721327497907 0.75 524
1721327497882 0.75 523
1721327497942 0.75 525
1721327497969 0.75 526
1721327497994 0.75 527
1721327498048 0.75 529
1721327498022 0.75 528
1721327498101 0.75 531
1721327498075 0.75 530
1721327498125 0.75 532
1721327498192 0.75 533
1721327498252 0.75 535
1721327498224 0.75 534
1721327498304 0.75 537
1721327498277 0.75 536
1721327498358 0.75 539
1721327498330 0.75 538
1721327498384 0.75 540
1721327498408 0.75 541
1721327498438 0.75 542
1721327498464 0.75 543
1721327498519 0.75 545
1721327498491 0.75 544
1721327498552 0.75 546
1721327498646 0.75 548
1721327498613 0.75 547
1721327498671 0.75 549
1721327498696 0.75 550
1721327498752 0.75 552
1721327498725 0.75 551
1721327498777 0.75 553
1721327498803 0.75 554
1721327498829 0.75 555
1721327498857 0.75 556
1721327498941 0.75 559
1721327498967 0.75 560
1721327498886 0.75 557
1721327498994 0.75 561
1721327498915 0.75 558
1721327499020 0.75 562
1721327499085 0.75 563
1721327499115 0.75 564
1721327499149 0.75 565
1721327499175 0.75 566
1721327499200 0.75 567
1721327499228 0.75 568
1721327499256 0.75 569
1721327499311 0.75 571
1721327499286 0.75 570
1721327499337 0.75 572
1721327499362 0.75 573
1721327499417 0.75 575
1721327499391 0.75 574
1721327499445 0.75 576
1721327499543 0.75 578
1721327499513 0.75 577
1721327499627 0.75 581
1721327499572 0.75 579
1721327499657 0.75 582
1721327499686 0.75 583
1721327499718 0.75 584
1721327499744 0.75 585
1721327499770 0.75 586
1721327499827 0.75 588
1721327499884 0.75 590
1721327499951 0.75 591
1721327499977 0.75 592
1721327499799 0.75 587
1721327499856 0.75 589
1721327500003 0.75 593
1721327500030 0.75 594
1721327500058 0.75 595
1721327500085 0.75 596
1721327500111 0.75 597
1721327500163 0.75 599
1721327500137 0.75 598
1721327500200 0.75 600
1721327500284 0.75 603
1721327500228 0.75 601
1721327500254 0.75 602
1721327500346 0.75 604
1721327500408 0.75 606
1721327500376 0.75 605
1721327500434 0.75 607
1721327500459 0.75 608
1721327500565 0.75 612
1721327500486 0.75 609
1721327500512 0.75 610
1721327500539 0.75 611
1721327500593 0.75 613
1721327500627 0.75 614
1721327500657 0.75 615
1721327500685 0.75 616
1721327500758 0.75 617
1721327500865 0.75 621
1721327500790 0.75 618
1721327500840 0.75 620
1721327500814 0.75 619
1721327500892 0.75 622
1721327500920 0.75 623
1721327500944 0.75 624
1721327500999 0.75 626
1721327500971 0.75 625
1721327501025 0.75 627
1721327501053 0.75 628
1721327501079 0.75 629
1721327501208 0.75 632
1721327501150 0.75 630
1721327501179 0.75 631
1721327501243 0.75 633
1721327501324 0.75 636
1721327501297 0.75 635
1721327501350 0.75 637
1721327501379 0.75 638
1721327501408 0.75 639
1721327501436 0.75 640
1721327501464 0.75 641
1721327501551 0.75 643
1721327501491 0.75 642
1721327501583 0.75 644
1721327501638 0.75 646
1721327501610 0.75 645
1721327501666 0.75 647
1721327501693 0.75 648
1721327501730 0.75 649
1721327501757 0.75 650
1721327501786 0.75 651
1721327501813 0.75 652
1721327501841 0.75 653
1721327501870 0.75 654
1721327502017 0.75 657
1721327501897 0.75 655
1721327501989 0.75 656
1721327502074 0.75 659
1721327502045 0.75 658
1721327502125 0.75 661
1721327502101 0.75 660
1721327502153 0.75 662
1721327502178 0.75 663
1721327502243 0.75 665
1721327502205 0.75 664
1721327502274 0.75 666
1721327502303 0.75 667
1721327502328 0.75 668
1721327502396 0.75 669
1721327502427 0.75 670
1721327502454 0.75 671
1721327502481 0.75 672
1721327502509 0.75 673
1721327502539 0.75 674
1721327502651 0.75 678
1721327502567 0.75 675
1721327502595 0.75 676
1721327502685 0.75 679
1721327502623 0.75 677
1721327502756 0.75 680
1721327502789 0.75 681
1721327502819 0.75 682
1721327502845 0.75 683
1721327502874 0.75 684
1721327502926 0.75 686
1721327502900 0.75 685
1721327502952 0.75 687
1721327502983 0.75 688
1721327503009 0.75 689
1721327503036 0.75 690
1721327503061 0.75 691
1721327503132 0.75 692
1721327503157 0.75 693
1721327503190 0.75 694
1721327503245 0.75 696
1721327503217 0.75 695
1721327503272 0.75 697
1721327503325 0.75 699
1721327503351 0.75 700
1721327503298 0.75 698
1721327503378 0.75 701
1721327503404 0.75 702
1721327503431 0.75 703
1721327503518 0.75 705
1721327503488 0.75 704
1721327503544 0.75 706
1721327503595 0.75 708
1721327503569 0.75 707
1721327503661 0.75 710
1721327503628 0.75 709
1721327503690 0.75 711
1721327503716 0.75 712
1721327503744 0.75 713
1721327503771 0.75 714
1721327503833 0.75 715
1721327503864 0.75 716
1721327503918 0.75 718
1721327503970 0.75 720
1721327503943 0.75 719
1721327503890 0.75 717
1721327504023 0.75 722
1721327503995 0.75 721
1721327504118 0.75 723
1721327504164 0.75 724
1721327504192 0.75 725
1721327504258 0.75 726
1721327504289 0.75 727
1721327504346 0.75 729
1721327504373 0.75 730
1721327504316 0.75 728
1721327504400 0.75 731
1721327504482 0.75 734
1721327504456 0.75 733
1721327504428 0.75 732
1721327504509 0.75 735
1721327504536 0.75 736
1721327504607 0.75 737
1721327504665 0.75 739
1721327504639 0.75 738
1721327504692 0.75 740
1721327504720 0.75 741
1721327504776 0.75 743
1721327504747 0.75 742
1721327504804 0.75 744
1721327504832 0.75 745
1721327504860 0.75 746
1721327504887 0.75 747
1721327504954 0.75 748
1721327504986 0.75 749
1721327505012 0.75 750
1721327505044 0.75 751
1721327505097 0.75 753
1721327505071 0.75 752
1721327505123 0.75 754
1721327505149 0.75 755
1721327505176 0.75 756
1721327505204 0.75 757
1721327505263 0.75 758
1721327505298 0.75 759
1721327505350 0.75 761
1721327505325 0.75 760
1721327505378 0.75 762
1721327505456 0.75 763
1721327505483 0.75 764
1721327505543 0.75 766
1721327505510 0.75 765
1721327505570 0.75 767
1721327505670 0.75 769
1721327505636 0.75 768
1721327505696 0.75 770
1721327505723 0.75 771
1721327505776 0.75 773
1721327505751 0.75 772
1721327505805 0.75 774
1721327505830 0.75 775
1721327505857 0.75 776
1721327505884 0.75 777
1721327505950 0.75 778
1721327505978 0.75 779
1721327506010 0.75 780
1721327506091 0.75 783
1721327506065 0.75 782
1721327506117 0.75 784
1721327506143 0.75 785
1721327506197 0.75 787
1721327506170 0.75 786
1721327506262 0.75 788
1721327506319 0.75 790
1721327506293 0.75 789
1721327506400 0.75 793
1721327506372 0.75 792
1721327506346 0.75 791
1721327506430 0.75 794
1721327506457 0.75 795
1721327506510 0.75 797
1721327506483 0.75 796
1721327506577 0.75 798
1721327506608 0.75 799
1721327506638 0.75 800
1721327506669 0.75 801
1721327506699 0.75 802
1721327506730 0.75 803
1721327506761 0.75 804
1721327506789 0.75 805
1721327506857 0.75 807
1721327506929 0.75 808
1721327506823 0.75 806
1721327506964 0.75 809
1721327506993 0.75 810
1721327507054 0.75 812
1721327507022 0.75 811
1721327507087 0.75 813
1721327507230 0.75 818
1721327507115 0.75 814
1721327507201 0.75 817
1721327507172 0.75 816
1721327507142 0.75 815
1721327507313 0.75 819
1721327507412 0.75 822
1721327507383 0.75 821
1721327507353 0.75 820
1721327507442 0.75 823
1721327507498 0.75 825
1721327507470 0.75 824
1721327507557 0.75 827
1721327507637 0.75 828
1721327507527 0.75 826
1721327507677 0.75 829
1721327507738 0.75 831
1721327507708 0.75 830
1721327507770 0.75 832
1721327507807 0.75 833
1721327507836 0.75 834
1721327507892 0.75 836
1721327507928 0.75 837
1721327507864 0.75 835
1721327508015 0.75 838
1721327508042 0.75 839
1721327508102 0.75 841
1721327508073 0.75 840
1721327508160 0.75 843
1721327508132 0.75 842
1721327508217 0.75 845
1721327508254 0.75 846
1721327508189 0.75 844
1721327508362 0.75 848
1721327508328 0.75 847
1721327508392 0.75 849
1721327508420 0.75 850
1721327508448 0.75 851
1721327508479 0.75 852
1721327508508 0.75 853
1721327508537 0.75 854
1721327508641 0.75 856
1721327508707 0.75 858
1721327508565 0.75 855
1721327508681 0.75 857
1721327508733 0.75 859
1721327508759 0.75 860
1721327508789 0.75 861
1721327508818 0.75 862
1721327508968 0.75 866
1721327508843 0.75 863
1721327508937 0.75 865
1721327508870 0.75 864
1721327509020 0.75 868
1721327508993 0.75 867
1721327509046 0.75 869
1721327509102 0.75 871
1721327509075 0.75 870
1721327509131 0.75 872
1721327509157 0.75 873
1721327509184 0.75 874
1721327509282 0.75 876
1721327509250 0.75 875
1721327509309 0.75 877
1721327509335 0.75 878
1721327509363 0.75 879
1721327509391 0.75 880
1721327509421 0.75 881
1721327509449 0.75 882
1721327509475 0.75 883
1721327509575 0.75 885
1721327509541 0.75 884
1721327509601 0.75 886
1721327509626 0.75 887
1721327509652 0.75 888
1721327509681 0.75 889
1721327509707 0.75 890
1721327509733 0.75 891
1721327509767 0.75 892
1721327509924 0.75 895
1721327509896 0.75 894
1721327509953 0.75 896
1721327510009 0.75 898
1721327509982 0.75 897
1721327510089 0.75 901
1721327510036 0.75 899
1721327510062 0.75 900
1721327510116 0.75 902
1721327510158 0.75 903
1721327510229 0.75 904
1721327510313 0.75 907
1721327510257 0.75 905
1721327510285 0.75 906
1721327510340 0.75 908
1721327510368 0.75 909
1721327510394 0.75 910
1721327510423 0.75 911
1721327510454 0.75 912
1721327510482 0.75 913
1721327510648 0.75 917
1721327510593 0.75 915
1721327510561 0.75 914
1721327510620 0.75 916
1721327510681 0.75 918
1721327510711 0.75 919
1721327510739 0.75 920
1721327510771 0.75 921
1721327510837 0.75 922
1721327510871 0.75 923
1721327510931 0.75 925
1721327510901 0.75 924
1721327510993 0.75 927
1721327510959 0.75 926
1721327511021 0.75 928
1721327511058 0.75 929
1721327511105 0.75 930
1721327511143 0.75 931
1721327511212 0.75 932
1721327511274 0.75 934
1721327511246 0.75 933
1721327511301 0.75 935
1721327511339 0.75 936
1721327511364 0.75 937
1721327511392 0.75 938
1721327511447 0.75 940
1721327511418 0.75 939
1721327511546 0.75 942
1721327511599 0.75 944
1721327511520 0.75 941
1721327511572 0.75 943
1721327511626 0.75 945
1721327511687 0.75 947
1721327511658 0.75 946
1721327511714 0.75 948
1721327511744 0.75 949
1721327511771 0.75 950
1721327511798 0.75 951
1721327511853 0.75 953
1721327511826 0.75 952
1721327511879 0.75 954
1721327511975 0.75 955
1721327512002 0.75 956
1721327512028 0.75 957
1721327512082 0.75 959
1721327512055 0.75 958
1721327512109 0.75 960
1721327512137 0.75 961
1721327512163 0.75 962
1721327512192 0.75 963
1721327512222 0.75 964
1721327512253 0.75 965
1721327512372 0.75 967
1721327512323 0.75 966
1721327512403 0.75 968
1721327512434 0.75 969
1721327512461 0.75 970
1721327512490 0.75 971
1721327512519 0.75 972
1721327512600 0.75 975
1721327512545 0.75 973
1721327512573 0.75 974
1721327512678 0.75 976
1721327512710 0.75 977
1721327512737 0.75 978
1721327512819 0.75 981
1721327512792 0.75 980
1721327512767 0.75 979
1721327512846 0.75 982
1721327512876 0.75 983
1721327512947 0.75 984
1721327512980 0.75 985
1721327513017 0.75 986
1721327513043 0.75 987
1721327513070 0.75 988
1721327513130 0.75 990
1721327513158 0.75 991
1721327513264 0.75 993
1721327513230 0.75 992
1721327513097 0.75 989
1721327513291 0.75 994
1721327513318 0.75 995
1721327513357 0.75 996
1721327513384 0.75 997
1721327513409 0.75 998
1721327513437 0.75 999
