1721327478557 0.6629096269607544 0
1721327478643 0.6625382304191589 2
1721327478594 0.6627233624458313 1
1721327478841 0.6619892120361328 5
1721327478708 0.6623541116714478 3
1721327479092 0.661628782749176 7

1721327478768 0.6621710658073425 4
1721327478963 0.661808431148529 6
1721327479274 0.6612726449966431 9
1721327479353 0.6610960960388184 10
1721327479479 0.6609205007553101 11
1721327479548 0.6607459783554077 12
1721327479617 0.6605721712112427 13
1721327479762 0.6602271795272827 15
1721327479685 0.660399317741394 14
1721327479831 0.6600557565689087 16
1721327479968 0.6598849296569824 17
1721327480041 0.6597146987915039 18
1721327480178 0.6593754887580872 20
1721327480108 0.6595448851585388 19
1721327480252 0.6592063903808594 21
1721327480517 0.6587001085281372 24
1721327480324 0.6590374708175659 22
1721327480391 0.6588687300682068 23
1721327480972 0.6576863527297974 30
1721327480591 0.6585314273834229 25
1721327480655 0.6583626866340637 26
1721327480780 0.6580248475074768 28
1721327480716 0.6581939458847046 27
1721327480919 0.6578556895256042 29
1721327481045 0.657516598701477 31
1721327481109 0.6573467254638672 32
1721327481445 0.6566639542579651 36
1721327481175 0.6571764349937439 33
1721327481382 0.6568350195884705 35
1721327481237 0.6570059061050415 34
1721327481513 0.6564925909042358 37
1721327481798 0.6559765338897705 40
1721327481670 0.6561487913131714 39
1721327481590 0.6563208103179932 38
1721327481874 0.655803918838501 41
1721327481946 0.6556311845779419 42
1721327482198 0.6551110744476318 45
1721327482021 0.6554580330848694 43
1721327482375 0.6549372673034668 46
1721327482127 0.6552847027778625 44
1721327482457 0.6547631025314331 47
1721327482536 0.6545886993408203 48
1721327482653 0.6542391180992126 50
1721327482597 0.6544140577316284 49
1721327482685 0.654063880443573 51
1721327482719 0.6538884043693542 52
1721327482793 0.6537125706672668 53
1721327482881 0.6531832218170166 56
1721327482853 0.6533599495887756 55
1721327482911 0.6530060768127441 57
1721327482824 0.6535363793373108 54
1721327482940 0.652828574180603 58
1721327482971 0.6526508331298828 59
1721327483001 0.6524726152420044 60
1721327483032 0.6522941589355469 61
1721327483069 0.6521152853965759 62
1721327483099 0.6519359946250916 63
1721327483130 0.6517564058303833 64
1721327483192 0.6513960361480713 66
1721327483223 0.6512151956558228 67
1721327483253 0.6510341167449951 68
1721327483281 0.6508525609970093 69
1721327483310 0.6506706476211548 70
1721327483340 0.6504882574081421 71
1721327483368 0.6503056287765503 72
1721327483451 0.6497550010681152 75
1721327483482 0.649570643901825 76
1721327483509 0.649385929107666 77
1721327483422 0.6499388813972473 74
1721327483395 0.6501224040985107 73
1721327483538 0.6492007374763489 78
1721327483567 0.6490151882171631 79
1721327483594 0.6488291025161743 80
1721327483623 0.6486426591873169 81
1721327483761 0.6477039456367493 86
1721327483706 0.6480807662010193 84
1721327483678 0.648268461227417 83
1721327483649 0.6484558582305908 82
1721327483790 0.6475148797035217 87
1721327483733 0.6478925943374634 85
1721327483819 0.6473253965377808 88
1721327483876 0.6469449996948242 90
1721327483848 0.6471353769302368 89
1721327483904 0.6467540264129639 91
1721327483962 0.6463708877563477 93
1721327483992 0.6461786031723022 94
1721327483933 0.6465626955032349 92
1721327484081 0.6455988883972168 97
1721327484020 0.6459858417510986 95
1721327484054 0.6457926034927368 96
1721327484108 0.6454046964645386 98
1721327484163 0.6450148820877075 100
1721327484191 0.6448192596435547 101
1721327484136 0.6452100276947021 99
1721327484218 0.6446230411529541 102
1721327484275 0.6442292332649231 104
1721327484246 0.6444264054298401 103
1721327484301 0.6440315842628479 105
1721327484358 0.6436347365379333 107
1721327484387 0.643435537815094 108
1721327484329 0.6438334584236145 106
1721327484442 0.6430354714393616 110
1721327484414 0.6432358026504517 109
1721327484470 0.6428347229957581 111
1721327484498 0.642633318901062 112
1721327484556 0.6422290802001953 114
1721327484585 0.6420260667800903 115
1721327484644 0.6416183710098267 117
1721327484528 0.6424314379692078 113
1721327484613 0.6418225169181824 116
1721327484674 0.6414138078689575 118
1721327484702 0.6412085294723511 119
1721327484731 0.6410027742385864 120
1721327484759 0.6407963037490845 121
1721327484788 0.6405893564224243 122
1721327484815 0.6403817534446716 123
1721327484843 0.640173614025116 124
1721327484874 0.6399648189544678 125
1721327484933 0.6395453810691833 127
1721327485244 0.6378422975540161 135
1721327484961 0.6393347978591919 128
1721327485091 0.6386990547180176 131
1721327484992 0.6391234993934631 129
1721327484900 0.639755368232727 126
1721327485061 0.6389116048812866 130
1721327485183 0.6382719874382019 133
1721327485217 0.6380574703216553 134
1721327485120 0.638485848903656 132
1721327485300 0.6374099254608154 137
1721327485501 0.6358740925788879 144
1721327485359 0.6369746923446655 139
1721327485442 0.6363165378570557 142
1721327485388 0.6367560625076294 140
1721327485472 0.6360956430435181 143
1721327485327 0.6371926069259644 138
1721327485414 0.6365365982055664 141
1721327485272 0.6376264095306396 136
1721327485529 0.6356517672538757 145
1721327485590 0.6352047920227051 147
1721327485559 0.6354286670684814 146
1721327485617 0.6349801421165466 148
1721327485646 0.6347547769546509 149
1721327485702 0.6343014240264893 151
1721327485803 0.6336154937744141 154
1721327485674 0.6345285177230835 150
1721327485735 0.6340736746788025 152
1721327485773 0.6338450312614441 153
1721327485831 0.633385181427002 155
1721327485862 0.633154034614563 156
1721327485889 0.6329220533370972 157
1721327485916 0.6326891183853149 158
1721327486035 0.6317486763000488 162
1721327486005 0.6319851875305176 161
1721327485944 0.6324553489685059 159
1721327485976 0.6322206854820251 160
1721327486064 0.6315112709999084 163
1721327486124 0.6310338377952576 165
1721327486094 0.6312730312347412 164
1721327486155 0.6307936310768127 166
1721327486184 0.6305525302886963 167
1721327486251 0.6300673484802246 169
1721327486213 0.6303104162216187 168
1721327486342 0.6293323040008545 172
1721327486281 0.6298233270645142 170
1721327486311 0.6295783519744873 171
1721327486370 0.6290852427482605 173
1721327486399 0.6288372278213501 174
1721327486427 0.6285881996154785 175
1721327486453 0.628338098526001 176
1721327486488 0.6280869245529175 177
1721327486547 0.6275814771652222 179
1721327486674 0.6268151998519897 182
1721327486707 0.6265575885772705 183
1721327486609 0.6270716786384583 181
1721327486518 0.6278347373008728 178
1721327486736 0.6262989044189453 184
1721327486578 0.6273272037506104 180
1721327486764 0.6260391473770142 185
1721327486825 0.6255161166191101 187
1721327486796 0.6257781982421875 186
1721327486881 0.6249885559082031 189
1721327486854 0.625252902507782 188
1721327486995 0.623919665813446 193
1721327486968 0.6241885423660278 192
1721327487024 0.6236494779586792 194
1721327486939 0.6244564056396484 191
1721327486910 0.6247230768203735 190
1721327487080 0.623105525970459 196
1721327487109 0.6228318214416504 197
1721327487053 0.6233780980110168 195
1721327487140 0.6225568652153015 198
1721327487194 0.6220033168792725 200
1721327487167 0.6222807168960571 199
1721327487281 0.6211638450622559 203
1721327487222 0.6217247247695923 201
1721327487311 0.6208815574645996 204
1721327487251 0.6214449405670166 202
1721327487341 0.6205979585647583 205
1721327487395 0.6200271844863892 207
1721327487367 0.620313286781311 206
1721327487429 0.6197400093078613 208
1721327487458 0.6194514036178589 209
1721327487487 0.6191616058349609 210
1721327487517 0.6188705563545227 211
1721327487577 0.6182845830917358 213
1721327487644 0.6176934838294983 215
1721327487547 0.6185781359672546 212
1721327487605 0.6179896593093872 214
1721327487718 0.6170973777770996 217
1721327487681 0.6173959970474243 216
1721327487753 0.6167973279953003 218
1721327487886 0.6158894896507263 221
1721327487784 0.6164960265159607 219
1721327487853 0.616193413734436 220
1721327487999 0.6149700880050659 224
1721327487960 0.615277886390686 223
1721327488067 0.6143506765365601 226
1721327488036 0.6146610975265503 225
1721327488117 0.6140391230583191 227
1721327488147 0.6137261390686035 228
1721327488244 0.6127794981002808 231
1721327488211 0.6130963563919067 230
1721327488278 0.6124613881111145 232
1721327488177 0.6134119033813477 229
1721327488317 0.6121419668197632 233
1721327488348 0.6118212342262268 234
1721327488380 0.6114991903305054 235
1721327488438 0.6108512878417969 237
1721327488409 0.6111758947372437 236
1721327488466 0.610525369644165 238
1721327488524 0.6098697185516357 240
1721327488580 0.609208881855011 242
1721327488494 0.6101981997489929 239
1721327488553 0.6095399260520935 241
1721327488611 0.6088765263557434 243
1721327488640 0.6085429191589355 244
1721327488670 0.6082080006599426 245
1721327488696 0.6078718304634094 246
1721327488729 0.6075344085693359 247
1721327488757 0.6071956157684326 248
1721327488785 0.606855571269989 249
1721327488839 0.6061717867851257 251
1721327488867 0.6058279871940613 252
1721327488813 0.6065143346786499 250
1721327488973 0.6051366329193115 254
1721327488900 0.6054829359054565 253
1721327489014 0.6047890186309814 255
1721327489055 0.6044402122497559 256
1721327489182 0.6033862829208374 259
1721327489097 0.60409015417099 257
1721327489141 0.6037388443946838 258
1721327489223 0.6030324697494507 260
1721327489307 0.6023211479187012 262
1721327489347 0.6019636392593384 263
1721327489266 0.6026774048805237 261
1721327489388 0.6016048789024353 264
1721327489460 0.6008838415145874 266
1721327489487 0.600521445274353 267

1721327489517 0.6001579165458679 268
1721327489579 0.5994271039962769 270
1721327489549 0.5997931361198425 269
1721327489607 0.5990599393844604 271
1721327489635 0.5986915826797485 272
1721327489663 0.5983220338821411 273
1721327489691 0.5979512929916382 274
1721327489723 0.5975793600082397 275
1721327489751 0.5972062349319458 276
1721327489810 0.5964565277099609 278
1721327489780 0.5968319177627563 277
1721327489866 0.5957021713256836 280
1721327489925 0.5949431657791138 282
1721327489896 0.5953232645988464 281
1721327489838 0.59607994556427 279
1721327489985 0.5945619940757751 283
1721327490091 0.5934115052223206 286
1721327490021 0.594179630279541 284
1721327490054 0.5937961339950562 285
1721327490127 0.593025803565979 287
1721327490161 0.5926389098167419 288
1721327490189 0.5922509431838989 289
1721327490219 0.5918618440628052 290
1721327490314 0.5906879305839539 293
1721327490345 0.5905007123947144 294
1721327490375 0.5902894735336304 295
1721327490440 0.5897664427757263 297
1721327490250 0.5914716720581055 291
1721327490280 0.591080367565155 292
1721327490471 0.5894660353660583 298
1721327490406 0.5900426506996155 296
1721327490505 0.5891455411911011 299
1721327490544 0.5888082385063171 300
1721327490604 0.5880935788154602 302
1721327490637 0.5877203941345215 303
1721327490729 0.5867151021957397 306
1721327490669 0.5873388051986694 304
1721327490577 0.5884567499160767 301
1721327490759 0.5864343643188477 307
1721327490698 0.586982250213623 305
1721327490871 0.5861411094665527 308
1721327490904 0.5858364105224609 309
1721327490936 0.585521399974823 310
1721327490963 0.5851970911026001 311
1721327491000 0.5848643183708191 312
1721327491092 0.5838998556137085 315
1721327491061 0.584176778793335 314
1721327491030 0.5845239758491516 313
1721327491121 0.5836223363876343 316
1721327491152 0.5833253860473633 317
1721327491183 0.5830118060112 318
1721327491277 0.5819963216781616 321
1721327491245 0.5823428630828857 320
1721327491372 0.5810908675193787 324
1721327491311 0.5817062258720398 322
1721327491216 0.5826836228370667 319
1721327491341 0.5814040303230286 323
1721327491402 0.5807676315307617 325
1721327491431 0.5804504752159119 326
1721327491466 0.5801494717597961 327
1721327491494 0.5798333883285522 328
1721327491557 0.5792124271392822 330
1721327491651 0.5785972476005554 332
1721327491524 0.5795183181762695 329
1721327491684 0.5782911777496338 333
1721327491584 0.5788954496383667 331
1721327491712 0.5779712200164795 334
1721327491743 0.5776646733283997 335
1721327491773 0.5773621201515198 336
1721327491804 0.5770476460456848 337
1721327491894 0.5761118531227112 340
1721327491833 0.5767257213592529 338
1721327491923 0.575800359249115 341
1721327491861 0.5764185786247253 339
1721327491983 0.5751882791519165 343
1721327491955 0.5754972100257874 342
1721327492080 0.5742636919021606 346
1721327492015 0.5748710632324219 344
1721327492046 0.5745610594749451 345
1721327492111 0.5739543437957764 347
1721327492187 0.5733255743980408 349
1721327492149 0.5736349821090698 348
1721327492221 0.5730295181274414 350
1721327492255 0.5727204084396362 351
1721327492286 0.572400689125061 352
1721327492384 0.5717946290969849 354
1721327492471 0.5711731910705566 356
1721327492505 0.5708662271499634 357
1721327492433 0.5714842081069946 355
1721327492580 0.5702456831932068 359
1721327492613 0.5699493288993835 360
1721327492543 0.5705560445785522 358
1721327492680 0.5693251490592957 362
1721327492645 0.5696431994438171 361
1721327492712 0.569031834602356 363
1721327492779 0.568416953086853 365
1721327492812 0.5680943131446838 366
1721327492847 0.5677924156188965 367
1721327492745 0.5687313079833984 364
1721327492944 0.5668869018554688 370
1721327492883 0.567478597164154 368

1721327492978 0.5665697455406189 371
1721327493012 0.566262423992157 372
1721327493044 0.5659639239311218 373
1721327493131 0.5656533241271973 374
1721327493196 0.5650282502174377 376
1721327493228 0.5647310614585876 377
1721327493164 0.5653335452079773 375
1721327493293 0.564110279083252 379
1721327493260 0.5644247531890869 378
1721327493362 0.5635060667991638 381
1721327493329 0.5638042688369751 380
1721327493395 0.5631949305534363 382
1721327493427 0.5629011988639832 383
1721327493461 0.5626003742218018 384
1721327493568 0.5616742372512817 387
1721327493505 0.5622883439064026 385
1721327493536 0.5619764924049377 386
1721327493606 0.5613649487495422 388
1721327493642 0.5610591173171997 389
1721327493681 0.5607624053955078 390
1721327493716 0.5604550242424011 391
1721327493748 0.5601514577865601 392
1721327493781 0.5598501563072205 393
1721327493868 0.5595380663871765 394
1721327493959 0.5589468479156494 396
1721327493920 0.5592473149299622 395
1721327493992 0.5586304664611816 397
1721327494060 0.5580410957336426 399
1721327494022 0.5583350658416748 398
1721327494091 0.5577359199523926 400
1721327494124 0.5574207305908203 401
1721327494164 0.5571169853210449 402
1721327494197 0.5568211674690247 403
1721327494229 0.5565084218978882 404
1721327494267 0.5562102198600769 405
1721327494301 0.555915355682373 406
1721327494513 0.5544028878211975 411
1721327494357 0.5552945733070374 408
1721327494327 0.5556097626686096 407
1721327494383 0.5550084710121155 409
1721327494541 0.554085910320282 412
1721327494408 0.5547143816947937 410
1721327494566 0.5538179278373718 413
1721327494594 0.5534886121749878 414
1721327494622 0.5531831979751587 415
1721327494649 0.5528807044029236 416
1721327494675 0.552593469619751 417
1721327494730 0.5519915223121643 419
1721327494702 0.5522974729537964 418
1721327494783 0.5513864755630493 421
1721327494757 0.5516856908798218 420
1721327494809 0.5510894656181335 422
1721327494835 0.5507916212081909 423
1721327494863 0.5504841804504395 424
1721327494892 0.5501992702484131 425
1721327494924 0.5499012470245361 426
1721327494950 0.5495850443840027 427
1721327495040 0.5490169525146484 429
1721327494977 0.5493040680885315 428
1721327495123 0.548097550868988 432
1721327495097 0.5484126210212708 431
1721327495149 0.5478053092956543 433
1721327495070 0.5487194657325745 430
1721327495177 0.5475184917449951 434
1721327495243 0.5468963384628296 436
1721327495213 0.5472119450569153 435
1721327495269 0.5466057062149048 437
1721327495295 0.5463052988052368 438
1721327495321 0.5460036993026733 439
1721327495348 0.5457018613815308 440
1721327495377 0.5454200506210327 441
1721327495431 0.5448263883590698 443
1721327495406 0.5451279878616333 442
1721327495458 0.5445163249969482 444
1721327495512 0.5439523458480835 446
1721327495487 0.5442412495613098 445
1721327495665 0.5430482625961304 449
1721327495538 0.5436432361602783 447
1721327495638 0.5433342456817627 448
1721327495744 0.5421556830406189 452
1721327495717 0.5424479246139526 451
1721327495692 0.5427524447441101 450
1721327495771 0.5418627262115479 453
1721327495797 0.5415557026863098 454
1721327495826 0.5412628054618835 455
1721327495854 0.5409672260284424 456
1721327495935 0.5400925874710083 459
1721327495908 0.5403772592544556 458
1721327495881 0.5406738519668579 457
1721327496020 0.5392187833786011 462
1721327495967 0.539792537689209 460
1721327495993 0.539505660533905 461
1721327496047 0.5389227867126465 463
1721327496108 0.5386186242103577 464
1721327496142 0.538338303565979 465
1721327496171 0.5380499958992004 466
1721327496197 0.537740170955658 467
1721327496250 0.5371814966201782 469
1721327496276 0.5368922352790833 470
1721327496224 0.5374610424041748 468
1721327496302 0.5365944504737854 471
1721327496356 0.535991907119751 473
1721327496329 0.5362889766693115 472
1721327496383 0.5357088446617126 474
1721327496423 0.5354030132293701 475
1721327496461 0.535129964351654 476
1721327496489 0.5348507165908813 477
1721327496514 0.5345622301101685 478
1721327496637 0.5336734056472778 481
1721327496569 0.5339611172676086 480
1721327496541 0.534265398979187 479
1721327496699 0.533088207244873 483
1721327496665 0.5333924889564514 482
1721327496724 0.5328083038330078 484
1721327496755 0.5325310230255127 485
1721327496807 0.5319497585296631 487
1721327496781 0.5322445034980774 486
1721327496834 0.5316478610038757 488
1721327496860 0.5313655138015747 489
1721327496913 0.5307813286781311 491
1721327496940 0.5305048227310181 492
1721327496969 0.5302301049232483 493
1721327496995 0.5299462676048279 494
1721327497021 0.5296542644500732 495
1721327497078 0.5290607213973999 497
1721327497050 0.5293550491333008 496
1721327497106 0.5287808179855347 498
1721327497160 0.5282012224197388 500
1721327497135 0.5284849405288696 499
1721327497232 0.5279137492179871 501
1721327497286 0.5273476839065552 503
1721327497258 0.5276329517364502 502
1721327497312 0.5270600914955139 504
1721327497347 0.5267770886421204 505
1721327497403 0.526216447353363 507
1721327497376 0.526491105556488 506
1721327497454 0.5256553292274475 509
1721327497428 0.5259231328964233 508
1721327497481 0.5253814458847046 510
1721327497564 0.524512767791748 513
1721327497510 0.5250992178916931 511
1721327497537 0.5248093605041504 512
1721327497593 0.5242505073547363 514
1721327497624 0.5239763259887695 515
1721327497654 0.5236760377883911 516
1721327497682 0.5233948826789856 517
1721327497709 0.5231271386146545 518
1721327497772 0.5228506326675415 519
1721327497801 0.5225663185119629 520
1721327497829 0.5222750902175903 521
1721327497855 0.5219776630401611 522
1721327497907 0.521470308303833 524
1721327497942 0.5211754441261292 525
1721327497882 0.521737813949585 523
1721327497969 0.5208603143692017 526
1721327497994 0.5205934643745422 527
1721327498022 0.5203182101249695 528
1721327498048 0.5200355052947998 529
1721327498101 0.5194987654685974 531
1721327498125 0.5192242860794067 532
1721327498075 0.5197460055351257 530
1721327498192 0.5189225673675537 533
1721327498252 0.5183948874473572 535
1721327498224 0.5186558365821838 534
1721327498304 0.5178479552268982 537
1721327498277 0.5181253552436829 536
1721327498358 0.5172731280326843 539
1721327498438 0.5164337158203125 542
1721327498408 0.5167156457901001 541
1721327498384 0.5169827938079834 540
1721327498330 0.5175635814666748 538
1721327498464 0.5161613821983337 543
1721327498519 0.5156253576278687 545
1721327498491 0.5158820152282715 544
1721327498552 0.515343964099884 546
1721327498646 0.5148060321807861 548
1721327498613 0.5150704979896545 547
1721327498671 0.5145339369773865 549
1721327498696 0.5142548680305481 550
1721327498752 0.5137278437614441 552
1721327498725 0.5139696598052979 551
1721327498777 0.5134605169296265 553
1721327498803 0.5131639242172241 554
1721327498829 0.5128999948501587 555
1721327498857 0.51264488697052 556
1721327498994 0.511260986328125 561
1721327498941 0.511833131313324 559
1721327498967 0.511549711227417 560
1721327498915 0.512110710144043 558
1721327498886 0.5123815536499023 557
1721327499020 0.5110346078872681 562
1721327499085 0.5107803344726562 563
1721327499115 0.5104947090148926 564
1721327499149 0.510184109210968 565
1721327499175 0.5099287033081055 566
1721327499200 0.5096654295921326 567
1721327499228 0.5093950629234314 568
1721327499256 0.5091185569763184 569
1721327499286 0.5088637471199036 570
1721327499311 0.5085949301719666 571
1721327499337 0.508319616317749 572
1721327499362 0.5080605149269104 573
1721327499391 0.5077942609786987 574
1721327499417 0.5075216293334961 575
1721327499445 0.5072615146636963 576
1721327499543 0.5067336559295654 578
1721327499598 0.5062150955200195 580
1721327499572 0.5064780712127686 579
1721327499513 0.5069903135299683 577
1721327499627 0.5059458017349243 581
1721327499657 0.5056705474853516 582
1721327499686 0.5054225921630859 583
1721327499718 0.5051612257957458 584
1721327499744 0.5048781633377075 585
1721327499770 0.5046218633651733 586
1721327499827 0.5040894746780396 588
1721327499799 0.50435870885849 587
1721327499951 0.5033127069473267 591
1721327499884 0.5035886168479919 590
1721327499977 0.5030611157417297 592
1721327500003 0.5028024315834045 593
1721327499856 0.50385582447052 589
1721327500030 0.5025570392608643 594
1721327500058 0.5022744536399841 595
1721327500085 0.502055287361145 596
1721327500111 0.5018039345741272 597
1721327500163 0.50129234790802 599
1721327500137 0.5015228390693665 598
1721327500228 0.5008121132850647 601
1721327500284 0.5003007054328918 603
1721327500200 0.5010566711425781 600
1721327500254 0.5005598664283752 602
1721327500346 0.5000357031822205 604
1721327500408 0.49950551986694336 606
1721327500376 0.4997655749320984 605
1721327500434 0.4992770552635193 607
1721327500565 0.49802476167678833 612
1721327500459 0.49904727935791016 608
1721327500486 0.4987807869911194 609
1721327500512 0.49850183725357056 610
1721327500539 0.49826741218566895 611
1721327500593 0.49777472019195557 613
1721327500627 0.4975180923938751 614
1721327500657 0.4972556233406067 615
1721327500685 0.49703165888786316 616
1721327500758 0.4967842400074005 617
1721327500865 0.49580761790275574 621
1721327500790 0.49650123715400696 618
1721327500814 0.49627864360809326 619
1721327500840 0.4960471987724304 620
1721327500920 0.49531787633895874 623
1721327500892 0.4955609440803528 622
1721327500944 0.49505725502967834 624
1721327500999 0.4945392310619354 626
1721327500971 0.494800865650177 625
1721327501053 0.49407958984375 628
1721327501025 0.49430856108665466 627
1721327501079 0.49381256103515625 629
1721327501208 0.4931001663208008 632
1721327501150 0.49358999729156494 630
1721327501243 0.4928552806377411 633
1721327501179 0.4933382272720337 631
1721327501324 0.49211055040359497 636
1721327501269 0.4926604628562927 634
1721327501297 0.49237504601478577 635
1721327501379 0.49168047308921814 638
1721327501350 0.4919047951698303 637
1721327501408 0.4914170801639557 639
1721327501436 0.49119433760643005 640
1721327501464 0.4909763038158417 641
1721327501551 0.49051451683044434 643
1721327501491 0.49074941873550415 642
1721327501583 0.4902905821800232 644
1721327501638 0.4897686243057251 646
1721327501666 0.4895098805427551 647
1721327501693 0.48931437730789185 648
1721327501610 0.49002301692962646 645
1721327501730 0.4890888035297394 649
1721327501757 0.4888230562210083 650
1721327501786 0.48855870962142944 651
1721327501813 0.4884074330329895 652
1721327501841 0.4881541132926941 653
1721327501870 0.4878886044025421 654
1721327502017 0.4871792793273926 657
1721327501897 0.4876583218574524 655
1721327501989 0.4874217212200165 656
1721327502074 0.48673391342163086 659
1721327502125 0.4862583875656128 661
1721327502045 0.486960232257843 658
1721327502101 0.48648321628570557 660
1721327502153 0.4860263466835022 662
1721327502178 0.48578789830207825 663
1721327502243 0.48531562089920044 665
1721327502274 0.4850817024707794 666
1721327502303 0.4848613739013672 667
1721327502396 0.48440128564834595 669
1721327502205 0.48556169867515564 664
1721327502328 0.48463454842567444 668
1721327502427 0.48416242003440857 670
1721327502454 0.48391854763031006 671
1721327502481 0.48369550704956055 672
1721327502509 0.4834558665752411 673
1721327502539 0.4832226037979126 674
1721327502651 0.4823264181613922 678
1721327502567 0.4830464720726013 675
1721327502685 0.48211681842803955 679
1721327502595 0.4828575551509857 676
1721327502623 0.48261788487434387 677
1721327502756 0.4819086790084839 680
1721327502789 0.48169076442718506 681
1721327502819 0.48144152760505676 682
1721327502845 0.48123085498809814 683
1721327502874 0.4810126721858978 684
1721327502926 0.480557382106781 686
1721327502900 0.480787992477417 685
1721327502952 0.4803643226623535 687
1721327503009 0.4798958897590637 689
1721327502983 0.4801314175128937 688
1721327503036 0.4796968102455139 690
1721327503061 0.4794701039791107 691
1721327503132 0.47925081849098206 692
1721327503157 0.479025274515152 693
1721327503190 0.4787941575050354 694
1721327503245 0.4783661365509033 696
1721327503217 0.4785911440849304 695
1721327503272 0.47813329100608826 697
1721327503325 0.47770175337791443 699
1721327503298 0.4779208302497864 698
1721327503351 0.4774768352508545 700
1721327503378 0.47726500034332275 701
1721327503404 0.4770195186138153 702
1721327503431 0.476848304271698 703
1721327503488 0.4766284227371216 704
1721327503518 0.47637006640434265 705
1721327503544 0.47616133093833923 706
1721327503595 0.47572433948516846 708
1721327503661 0.47535309195518494 710
1721327503628 0.4755539000034332 709
1721327503569 0.47598111629486084 707
1721327503690 0.47508153319358826 711
1721327503716 0.4748845398426056 712
1721327503744 0.474688321352005 713
1721327503771 0.47448456287384033 714
1721327503864 0.4740566611289978 716
1721327503833 0.47427842020988464 715
1721327503943 0.47343266010284424 719
1721327503918 0.4736068844795227 718
1721327503970 0.473208487033844 720
1721327503890 0.4738340377807617 717
1721327504023 0.47278767824172974 722
1721327504118 0.47258612513542175 723
1721327503995 0.47298189997673035 721
1721327504164 0.4723779261112213 724
1721327504192 0.47216376662254333 725
1721327504258 0.47196149826049805 726
1721327504289 0.4717403054237366 727
1721327504316 0.4715304374694824 728
1721327504346 0.4713347554206848 729
1721327504373 0.4711322486400604 730
1721327504400 0.4709235429763794 731
1721327504456 0.47049009799957275 733
1721327504482 0.4702666997909546 734
1721327504428 0.4707092046737671 732
1721327504509 0.47008758783340454 735
1721327504536 0.4698704183101654 736
1721327504639 0.46945399045944214 738
1721327504607 0.4696357548236847 737
1721327504665 0.46925729513168335 739
1721327504692 0.4690363109111786 740
1721327504720 0.4688297510147095 741
1721327504776 0.4684353470802307 743
1721327504747 0.46861791610717773 742
1721327504804 0.46822163462638855 744
1721327504832 0.4680197536945343 745
1721327504860 0.46782827377319336 746
1721327504887 0.46763482689857483 747
1721327504954 0.4674530327320099 748
1721327504986 0.4672289490699768 749
1721327505012 0.4670178294181824 750
1721327505044 0.46682971715927124 751
1721327505097 0.46644484996795654 753
1721327505071 0.46664997935295105 752
1721327505123 0.4662235379219055 754
1721327505149 0.4660394787788391 755
1721327505176 0.46584826707839966 756
1721327505204 0.465650737285614 757
1721327505263 0.46544745564460754 758
1721327505298 0.46523910760879517 759
1721327505350 0.46486085653305054 761
1721327505325 0.46507155895233154 760
1721327505378 0.4646475613117218 762
1721327505456 0.4644651412963867 763
1721327505483 0.4642629325389862 764
1721327505543 0.4639183580875397 766
1721327505510 0.4640622138977051 765
1721327505670 0.4632924795150757 769
1721327505570 0.4637276828289032 767
1721327505636 0.463487446308136 768
1721327505696 0.46309995651245117 770
1721327505723 0.4628981351852417 771
1721327505776 0.46253502368927 773
1721327505751 0.46272003650665283 772
1721327505805 0.46235793828964233 774
1721327505830 0.46214646100997925 775
1721327505884 0.4617377519607544 777
1721327505857 0.46194422245025635 776
1721327505950 0.4615914821624756 778
1721327505978 0.46139079332351685 779
1721327506010 0.4611549377441406 780
1721327506038 0.4609808325767517 781
1721327506091 0.4606010913848877 783
1721327506065 0.4607907235622406 782
1721327506117 0.4604114294052124 784
1721327506143 0.4602165222167969 785
1721327506197 0.459833025932312 787
1721327506170 0.4600350260734558 786
1721327506262 0.4596433937549591 788
1721327506293 0.45946481823921204 789
1721327506319 0.4592690169811249 790
1721327506372 0.4588923752307892 792
1721327506400 0.4586966037750244 793
1721327506346 0.4590834081172943 791
1721327506430 0.45849668979644775 794
1721327506457 0.4583262801170349 795
1721327506510 0.4579784572124481 797
1721327506483 0.45813336968421936 796
1721327506577 0.45778873562812805 798
1721327506608 0.45762115716934204 799
1721327506638 0.4574335813522339 800
1721327506669 0.4572494328022003 801
1721327506699 0.45706936717033386 802
1721327506730 0.45688387751579285 803
1721327506789 0.4564998149871826 805
1721327506761 0.4566933512687683 804
1721327506823 0.45631933212280273 806
1721327506857 0.4561425447463989 807
1721327506929 0.4559646248817444 808
1721327506964 0.45578843355178833 809
1721327506993 0.4556065797805786 810
1721327507054 0.4552285373210907 812
1721327507022 0.45541974902153015 811
1721327507087 0.45503348112106323 813
1721327507230 0.4541608989238739 818
1721327507115 0.45488059520721436 814
1721327507172 0.4545084238052368 816
1721327507201 0.4543294906616211 817
1721327507142 0.4547070860862732 815
1721327507313 0.45398643612861633 819
1721327507412 0.4534659683704376 822
1721327507383 0.4536219835281372 821
1721327507353 0.45380666851997375 820
1721327507442 0.4532398581504822 823
1721327507498 0.45289134979248047 825
1721327507470 0.4530797600746155 824
1721327507557 0.45257630944252014 827
1721327507637 0.4523729085922241 828
1721327507527 0.45273950695991516 826
1721327507677 0.4522038698196411 829
1721327507708 0.4520333409309387 830
1721327507738 0.4518776535987854 831
1721327507770 0.45167627930641174 832
1721327507807 0.4514993131160736 833
1721327507836 0.4513210952281952 834
1721327507892 0.45097965002059937 836
1721327507928 0.4508015215396881 837
1721327508015 0.45063114166259766 838
1721327507864 0.4511459767818451 835
1721327508102 0.45010238885879517 841
1721327508042 0.450455904006958 839
1721327508073 0.4502870738506317 840
1721327508160 0.4497612714767456 843
1721327508132 0.4499271810054779 842
1721327508217 0.44942256808280945 845
1721327508362 0.448900043964386 848
1721327508254 0.44924595952033997 846
1721327508189 0.44959449768066406 844
1721327508328 0.44910088181495667 847
1721327508392 0.44873711466789246 849
1721327508420 0.4485543966293335 850
1721327508448 0.4483896791934967 851
1721327508508 0.4481079876422882 853
1721327508479 0.44826021790504456 852
1721327508641 0.4475571811199188 856
1721327508707 0.4472288489341736 858
1721327508537 0.4479186236858368 854
1721327508681 0.44739389419555664 857
1721327508565 0.4477241039276123 855
1721327508733 0.44706737995147705 859
1721327508789 0.4467260241508484 861
1721327508759 0.4468984305858612 860
1721327508818 0.4465821385383606 862
1721327508968 0.44591861963272095 866
1721327508843 0.446388840675354 863
1721327508937 0.44608765840530396 865
1721327508870 0.4462229609489441 864
1721327508993 0.4457360506057739 867
1721327509020 0.4455817937850952 868
1721327509046 0.44542208313941956 869
1721327509102 0.4450884461402893 871
1721327509075 0.4452574849128723 870
1721327509131 0.4449154734611511 872
1721327509157 0.4447687268257141 873
1721327509250 0.44443169236183167 875
1721327509282 0.44428199529647827 876
1721327509184 0.4445805847644806 874
1721327509309 0.44412678480148315 877
1721327509335 0.443969190120697 878
1721327509363 0.4438134431838989 879
1721327509391 0.4436572790145874 880
1721327509421 0.4434940814971924 881
1721327509449 0.44331094622612 882
1721327509475 0.44314342737197876 883
1721327509575 0.442862868309021 885
1721327509541 0.4429723024368286 884
1721327509601 0.44270119071006775 886
1721327509626 0.44249510765075684 887
1721327509652 0.4423449635505676 888
1721327509681 0.44218966364860535 889
1721327509707 0.442029744386673 890
1721327509733 0.4418766498565674 891
1721327509767 0.4417286217212677 892
1721327509896 0.44140881299972534 894
1721327509924 0.44122979044914246 895
1721327509796 0.44156330823898315 893
1721327509953 0.44108065962791443 896
1721327510009 0.4407852590084076 898
1721327509982 0.44092655181884766 897
1721327510089 0.44032007455825806 901
1721327510036 0.4406239092350006 899
1721327510062 0.44047442078590393 900
1721327510116 0.4401613473892212 902
1721327510158 0.43999937176704407 903
1721327510257 0.43976837396621704 905
1721327510229 0.4398326873779297 904
1721327510313 0.4394366443157196 907
1721327510285 0.4396049976348877 906
1721327510340 0.43926119804382324 908
1721327510368 0.43912574648857117 909
1721327510423 0.43884536623954773 911
1721327510394 0.43898844718933105 910
1721327510454 0.43869712948799133 912
1721327510482 0.43857482075691223 913
1721327510620 0.43806082010269165 916
1721327510648 0.43791860342025757 917
1721327510593 0.4382252097129822 915
1721327510561 0.4383864998817444 914
1721327510711 0.4376060366630554 919
1721327510681 0.43775707483291626 918
1721327510739 0.4374638497829437 920
1721327510771 0.43731689453125 921
1721327510837 0.4371699094772339 922
1721327510871 0.43702268600463867 923
1721327510931 0.4367143213748932 925
1721327510901 0.43686702847480774 924
1721327510993 0.4363985061645508 927
1721327510959 0.4365580081939697 926
1721327511021 0.4362734854221344 928
1721327511058 0.4361090064048767 929
1721327511105 0.43595704436302185 930
1721327511143 0.43581897020339966 931
1721327511212 0.43567609786987305 932
1721327511246 0.435541033744812 933
1721327511274 0.43538540601730347 934
1721327511301 0.4352380335330963 935
1721327511364 0.4349547028541565 937
1721327511339 0.43514731526374817 936
1721327511392 0.4347800612449646 938
1721327511447 0.4345936179161072 940
1721327511418 0.4346625804901123 939
1721327511546 0.43421119451522827 942
1721327511520 0.4344305992126465 941
1721327511599 0.4339570701122284 944
1721327511572 0.43408703804016113 943
1721327511626 0.43382173776626587 945
1721327511687 0.4335373342037201 947
1721327511658 0.4336816668510437 946
1721327511714 0.43338918685913086 948
1721327511771 0.4330832362174988 950
1721327511744 0.4332376718521118 949
1721327511826 0.43281617760658264 952
1721327511879 0.4325477182865143 954
1721327511853 0.43265771865844727 953
1721327511798 0.4329799711704254 951
1721327511975 0.43241098523139954 955
1721327512002 0.4322611391544342 956
1721327512028 0.43212461471557617 957
1721327512082 0.4318394064903259 959
1721327512055 0.43198391795158386 958
1721327512109 0.43169158697128296 960
1721327512137 0.43154072761535645 961
1721327512163 0.4313873052597046 962
1721327512222 0.4310995936393738 964
1721327512192 0.43125802278518677 963
1721327512253 0.430976003408432 965
1721327512372 0.4307693839073181 967
1721327512323 0.4308796226978302 966
1721327512403 0.4306316375732422 968
1721327512461 0.43031585216522217 970
1721327512434 0.4304695725440979 969
1721327512490 0.4301878809928894 971
1721327512519 0.4300442337989807 972
1721327512545 0.4299026131629944 973
1721327512600 0.42962390184402466 975
1721327512573 0.42975783348083496 974
1721327512678 0.4294779300689697 976
1721327512710 0.42934155464172363 977
1721327512737 0.42921262979507446 978
1721327512792 0.42895495891571045 980
1721327512819 0.4288262128829956 981
1721327512767 0.4290846586227417 979
1721327512846 0.4286966323852539 982
1721327512876 0.42856302857398987 983
1721327512947 0.42842569947242737 984
1721327512980 0.428285151720047 985
1721327513017 0.42814168334007263 986
1721327513043 0.428049772977829 987
1721327513070 0.4278881251811981 988
1721327513130 0.4276258945465088 990
1721327513158 0.4275045394897461 991
1721327513097 0.4277479648590088 989
1721327513291 0.42713141441345215 994
1721327513230 0.42737311124801636 992
1721327513264 0.4272429347038269 993
1721327513318 0.42698973417282104 995
1721327513357 0.42684513330459595 996
1721327513384 0.4267103374004364 997
1721327513437 0.4264318346977234 999

