1721327329771 1.0 0
1721327329812 0.75 1
1721327329974 1.0 4
1721327329924 1.0 3
1721327330027 1.0 5
1721327329866 0.75 2
1721327330083 1.0 6
1721327330141 1.0 7
1721327330251 1.0 9
1721327330316 1.0 10
1721327330373 1.0 11
1721327330430 1.0 12
1721327330549 1.0 14
1721327330657 1.0 15
1721327330490 1.0 13
1721327330721 1.0 16
1721327330908 1.0 19
1721327330846 1.0 18
1721327330787 1.0 17
1721327330977 1.0 20
1721327331038 1.0 21
1721327331252 1.0 24
1721327331100 1.0 22
1721327331178 1.0 23
1721327331373 1.0 26
1721327331569 1.0 29
1721327331313 1.0 25
1721327331490 1.0 28
1721327331426 1.0 27
1721327331627 1.0 30
1721327331752 1.0 32
1721327332133 1.0 38
1721327331881 1.0 34
1721327331818 1.0 33
1721327332192 1.0 39
1721327331695 1.0 31
1721327332071 1.0 37
1721327332002 1.0 36
1721327331943 1.0 35
1721327332248 1.0 40
1721327332276 1.0 41
1721327332359 1.0 44
1721327332330 1.0 43
1721327332303 1.0 42
1721327332391 1.0 45
1721327332421 1.0 46
1721327332477 1.0 48
1721327332449 1.0 47
1721327332505 1.0 49
1721327332535 1.0 50
1721327332567 1.0 51
1721327332596 1.0 52
1721327332657 1.0 54
1721327332624 1.0 53
1721327332742 1.0 57
1721327332683 1.0 55
1721327332711 1.0 56
1721327332807 1.0 59
1721327332771 1.0 58
1721327332837 1.0 60
1721327332891 1.0 62
1721327332864 1.0 61
1721327332923 1.0 63
1721327332949 1.0 64
1721327333026 1.0 67
1721327333001 1.0 66
1721327332976 1.0 65
1721327333095 1.0 68
1721327333129 1.0 69
1721327333154 1.0 70
1721327333207 1.0 72
1721327333179 1.0 71
1721327333232 1.0 73
1721327333259 1.0 74
1721327333284 1.0 75
1721327333363 1.0 78
1721327333337 1.0 77
1721327333311 1.0 76
1721327333388 1.0 79
1721327333415 1.0 80
1721327333441 1.0 81
1721327333465 1.0 82
1721327333493 1.0 83
1721327333602 1.0 87
1721327333546 1.0 85
1721327333519 1.0 84
1721327333572 1.0 86
1721327333628 1.0 88
1721327333653 1.0 89
1721327333679 1.0 90
1721327333730 1.0 92
1721327333706 1.0 91
1721327333757 1.0 93
1721327333839 1.0 96
1721327333783 1.0 94
1721327333810 1.0 95
1721327333864 1.0 97
1721327333890 1.0 98
1721327333917 1.0 99
1721327333944 1.0 100
1721327333973 1.0 101
1721327334007 1.0 102
1721327334039 1.0 103
1721327334173 1.0 106
1721327334142 1.0 105
1721327334109 1.0 104
1721327334202 1.0 107
1721327334234 1.0 108
1721327334306 1.0 110
1721327334264 1.0 109
1721327334361 1.0 112
1721327334333 1.0 111
1721327334392 1.0 113
1721327334417 1.0 114
1721327334444 1.0 115
1721327334496 1.0 117
1721327334470 1.0 116
1721327334523 1.0 118
1721327334577 1.0 120
1721327334550 1.0 119
1721327334604 1.0 121
1721327334632 1.0 122
1721327334728 1.0 123
1721327334755 1.0 124
1721327334833 1.0 127
1721327334807 1.0 126
1721327334780 1.0 125
1721327334887 1.0 129
1721327334914 1.0 130
1721327334860 1.0 128
1721327334943 1.0 131
1721327334996 1.0 133
1721327334970 1.0 132
1721327335025 1.0 134
1721327335106 1.0 137
1721327335079 1.0 136
1721327335053 1.0 135
1721327335131 1.0 138
1721327335184 1.0 140
1721327335158 1.0 139
1721327335211 1.0 141
1721327335266 1.0 143
1721327335240 1.0 142
1721327335350 1.0 146
1721327335324 1.0 145
1721327335297 1.0 144
1721327335428 1.0 149
1721327335402 1.0 148
1721327335376 1.0 147
1721327335454 1.0 150
1721327335483 1.0 151
1721327335510 1.0 152
1721327335536 1.0 153
1721327335562 1.0 154
1721327335589 1.0 155
1721327335614 1.0 156
1721327335641 1.0 157
1721327335665 1.0 158
1721327335692 1.0 159
1721327335718 1.0 160
1721327335744 1.0 161
1721327335806 1.0 162
1721327335860 1.0 164
1721327335833 1.0 163
1721327335887 1.0 165
1721327335913 1.0 166
1721327335939 1.0 167
1721327335967 1.0 168
1721327335994 1.0 169
1721327336022 1.0 170
1721327336047 1.0 171
1721327336100 1.0 173
1721327336074 1.0 172
1721327336127 1.0 174
1721327336152 1.0 175
1721327336272 1.0 179
1721327336211 1.0 177
1721327336242 1.0 178
1721327336303 1.0 180
1721327336334 1.0 181
1721327336425 1.0 184
1721327336365 1.0 182
1721327336491 1.0 186
1721327336461 1.0 185
1721327336395 1.0 183
1721327336552 1.0 188
1721327336521 1.0 187
1721327336610 1.0 190
1721327336580 1.0 189
1721327336645 1.0 191
1721327336674 1.0 192
1721327336706 1.0 193
1721327336820 1.0 195
1721327336739 1.0 194
1721327336857 1.0 196
1721327336889 1.0 197
1721327336980 1.0 200
1721327336949 1.0 199
1721327336919 1.0 198
1721327337017 1.0 201
1721327337047 1.0 202
1721327337078 1.0 203
1721327337147 1.0 205
1721327337111 1.0 204
1721327337177 1.0 206
1721327337207 1.0 207
1721327337270 1.0 209
1721327337337 1.0 211
1721327337239 1.0 208
1721327337301 1.0 210
1721327337368 1.0 212
1721327337400 1.0 213
1721327337433 1.0 214
1721327337465 1.0 215
1721327337496 1.0 216
1721327337527 1.0 217
1721327337590 1.0 219
1721327337561 1.0 218
1721327337621 1.0 220
1721327337683 1.0 222
1721327337652 1.0 221
1721327337787 1.0 224
1721327337713 1.0 223
1721327337821 1.0 225
1721327337858 1.0 226
1721327337919 1.0 228
1721327337890 1.0 227
1721327337982 1.0 230
1721327337950 1.0 229
1721327338019 1.0 231
1721327338050 1.0 232
1721327338081 1.0 233
1721327338144 1.0 235
1721327338176 1.0 236
1721327338113 1.0 234
1721327338208 1.0 237
1721327338239 1.0 238
1721327338269 1.0 239
1721327338298 1.0 240
1721327338361 1.0 242
1721327338410 1.0 243
1721327338329 1.0 241
1721327338482 1.0 245
1721327338446 1.0 244
1721327338513 1.0 246
1721327338542 1.0 247
1721327338633 1.0 250
1721327338771 1.0 253
1721327338573 1.0 248
1721327338699 1.0 251
1721327338603 1.0 249
1721327338734 1.0 252
1721327338804 1.0 254
1721327338833 1.0 255
1721327338895 1.0 257
1721327338864 1.0 256
1721327338926 1.0 258
1721327339057 1.0 262
1721327338989 1.0 260
1721327338957 1.0 259
1721327339025 1.0 261
1721327339089 1.0 263
1721327339124 1.0 264
1721327339222 1.0 267
1721327339161 1.0 265
1721327339192 1.0 266
1721327339356 1.0 270
1721327339252 1.0 268
1721327339321 1.0 269
1721327339388 1.0 271
1721327339418 1.0 272
1721327339448 1.0 273
1721327339479 1.0 274
1721327339542 1.0 276
1721327339509 1.0 275
1721327339604 1.0 278
1721327339571 1.0 277
1721327339642 1.0 279
1721327339678 1.0 280
1721327339743 1.0 282
1721327339710 1.0 281
1721327339777 1.0 283
1721327339809 1.0 284
1721327339883 1.0 286
1721327339846 1.0 285
1721327339959 1.0 288
1721327339926 1.0 287
1721327339989 1.0 289
1721327340022 1.0 290
1721327340055 1.0 291
1721327340084 1.0 292
1721327340152 1.0 293
1721327340191 1.0 294
1721327340221 1.0 295
1721327340280 1.0 297
1721327340316 1.0 298
1721327340251 1.0 296
1721327340348 1.0 299
1721327340380 1.0 300
1721327340412 1.0 301
1721327340443 1.0 302
1721327340473 1.0 303
1721327340503 1.0 304
1721327340534 1.0 305
1721327340568 1.0 306
1721327340671 1.0 309
1721327340638 1.0 308
1721327340607 1.0 307
1721327340734 1.0 311
1721327340703 1.0 310
1721327340766 1.0 312
1721327340795 1.0 313
1721327340826 1.0 314
1721327340890 1.0 315
1721327340960 1.0 317
1721327340990 1.0 318
1721327340928 1.0 316
1721327341024 1.0 319
1721327341091 1.0 321
1721327341124 1.0 322
1721327341061 1.0 320
1721327341192 1.0 324
1721327341158 1.0 323
1721327341224 1.0 325
1721327341259 1.0 326
1721327341292 1.0 327
1721327341364 1.0 328
1721327341410 1.0 329
1721327341463 1.0 330
1721327341519 1.0 331
1721327341571 1.0 332
1721327341653 1.0 334
1721327341613 1.0 333
1721327341756 1.0 336
1721327341685 1.0 335
1721327341824 1.0 338
1721327341793 1.0 337
1721327341887 1.0 340
1721327341855 1.0 339
1721327341918 1.0 341
1721327341986 1.0 343
1721327341954 1.0 342
1721327342019 1.0 344
1721327342116 1.0 347
1721327342192 1.0 349
1721327342081 1.0 346
1721327342050 1.0 345
1721327342149 1.0 348
1721327342233 1.0 350
1721327342262 1.0 351
1721327342334 1.0 353
1721327342381 1.0 354
1721327342295 1.0 352
1721327342521 1.0 356
1721327342585 1.0 358
1721327342554 1.0 357
1721327342618 1.0 359
1721327342680 1.0 361
1721327342649 1.0 360
1721327342711 1.0 362
1721327342744 1.0 363
1721327342774 1.0 364
1721327342805 1.0 365
1721327342836 1.0 366
1721327342867 1.0 367
1721327342901 1.0 368
1721327342961 1.0 370
1721327342930 1.0 369
1721327343001 1.0 371
1721327343047 1.0 372
1721327343125 1.0 374
1721327343094 1.0 373
1721327343194 1.0 375
1721327343230 1.0 376
1721327343261 1.0 377
1721327343292 1.0 378
1721327343324 1.0 379
1721327343397 1.0 380
1721327343489 1.0 382
1721327343445 1.0 381
1721327343602 1.0 385
1721327343633 1.0 386
1721327343539 1.0 383
1721327343570 1.0 384
1721327343662 1.0 387
1721327343724 1.0 389
1721327343692 1.0 388
1721327343787 1.0 391
1721327343824 1.0 392
1721327343755 1.0 390
1721327343969 1.0 395
1721327343933 1.0 394
1721327343896 1.0 393
1721327344001 1.0 396
1721327344066 1.0 398
1721327344034 1.0 397
1721327344103 1.0 399
1721327344211 1.0 402
1721327344137 1.0 400
1721327344180 1.0 401
1721327344241 1.0 403
1721327344337 1.0 406
1721327344273 1.0 404
1721327344306 1.0 405
1721327344370 1.0 407
1721327344406 1.0 408
1721327344438 1.0 409
1721327344473 1.0 410
1721327344544 1.0 411
1721327344582 1.0 412
1721327344612 1.0 413
1721327344641 1.0 414
1721327344705 1.0 416
1721327344671 1.0 415
1721327344735 1.0 417
1721327344766 1.0 418
1721327344798 1.0 419
1721327344829 1.0 420
1721327344860 1.0 421
1721327344891 1.0 422
1721327344923 1.0 423
1721327344952 1.0 424
1721327344984 1.0 425
1721327345016 1.0 426
1721327345141 1.0 428
1721327345109 1.0 427
1721327345182 1.0 429
1721327345216 1.0 430
1721327345251 1.0 431
1721327345283 1.0 432
1721327345414 1.0 436
1721327345383 1.0 435
1721327345349 1.0 434
1721327345314 1.0 433
1721327345446 1.0 437
1721327345478 1.0 438
1721327345511 1.0 439
1721327345544 1.0 440
1721327345574 1.0 441
1721327345684 1.0 443
1721327345605 1.0 442
1721327345758 1.0 445
1721327345721 1.0 444
1721327345852 1.0 448
1721327345791 1.0 446
1721327345822 1.0 447
1721327345890 1.0 449
1721327345922 1.0 450
1721327345954 1.0 451
1721327345985 1.0 452
1721327346016 1.0 453
1721327346079 1.0 455
1721327346047 1.0 454
1721327346110 1.0 456
1721327346142 1.0 457
1721327346176 1.0 458
1721327346324 1.0 461
1721327346253 1.0 459
1721327346293 1.0 460
1721327346358 1.0 462
1721327346460 1.0 465
1721327346424 1.0 464
1721327346391 1.0 463
1721327346527 1.0 467
1721327346494 1.0 466
1721327346596 1.0 469
1721327346561 1.0 468
1721327346713 1.0 471
1721327346639 1.0 470
1721327346775 1.0 473
1721327346745 1.0 472
1721327346889 1.0 475
1721327346809 1.0 474
1721327346962 1.0 477
1721327346995 1.0 478
1721327346928 1.0 476
1721327347027 1.0 479
1721327347059 1.0 480
1721327347093 1.0 481
1721327347125 1.0 482
1721327347232 1.0 485
1721327347198 1.0 484
1721327347336 1.0 488
1721327347163 1.0 483
1721327347266 1.0 486
1721327347305 1.0 487
1721327347367 1.0 489
1721327347401 1.0 490
1721327347440 1.0 491
1721327347552 1.0 492
1721327347585 1.0 493
1721327347651 1.0 495
1721327347755 1.0 498
1721327347618 1.0 494
1721327347723 1.0 497
1721327347791 1.0 499
1721327347822 1.0 500
1721327347853 1.0 501
1721327347888 1.0 502
1721327347991 1.0 505
1721327348133 1.0 508
1721327347956 1.0 504
1721327348022 1.0 506
1721327347922 1.0 503
1721327348057 1.0 507
1721327348177 1.0 509
1721327348211 1.0 510
1721327348276 1.0 512
1721327348240 1.0 511
1721327348310 1.0 513
1721327348376 1.0 515
1721327348342 1.0 514
1721327348414 1.0 516
1721327348484 1.0 518
1721327348448 1.0 517
1721327348517 1.0 519
1721327348551 1.0 520
1721327348583 1.0 521
1721327348663 1.0 522
1721327348704 1.0 523
1721327348771 1.0 525
1721327348803 1.0 526
1721327348737 1.0 524
1721327348834 1.0 527
1721327348867 1.0 528
1721327348902 1.0 529
1721327348965 1.0 531
1721327348933 1.0 530
1721327348996 1.0 532
1721327349063 1.0 534
1721327349028 1.0 533
1721327349097 1.0 535
1721327349208 1.0 537
1721327349239 1.0 538
1721327349169 1.0 536
1721327349269 1.0 539
1721327349303 1.0 540
1721327349333 1.0 541
1721327349366 1.0 542
1721327349430 1.0 544
1721327349399 1.0 543
1721327349580 1.0 548
1721327349463 1.0 545
1721327349506 1.0 546
1721327349540 1.0 547
1721327349618 1.0 549
1721327349653 1.0 550
1721327349726 1.0 551
1721327349848 1.0 553
1721327349947 1.0 556
1721327349882 1.0 554
1721327349913 1.0 555
1721327349807 1.0 552
1721327350016 1.0 558
1721327349981 1.0 557
1721327350058 1.0 559
1721327350093 1.0 560
1721327350124 1.0 561
1721327350157 1.0 562
1721327350377 1.0 567
1721327350473 1.0 568
1721327350265 1.0 564
1721327350303 1.0 565
1721327350192 1.0 563
1721327350335 1.0 566
1721327350564 1.0 569
1721327350728 1.0 572
1721327350694 1.0 571
1721327350757 1.0 573
1721327350793 1.0 574
1721327350949 1.0 577
1721327350854 1.0 576
1721327350997 1.0 578
1721327350824 1.0 575
1721327351064 1.0 580
1721327351028 1.0 579
1721327351101 1.0 581
1721327351165 1.0 583
1721327351130 1.0 582
1721327351199 1.0 584
1721327351262 1.0 586
1721327351292 1.0 587
1721327351231 1.0 585
1721327351400 1.0 589
1721327351439 1.0 590
1721327351327 1.0 588
1721327351471 1.0 591
1721327351505 1.0 592
1721327351536 1.0 593
1721327351570 1.0 594
1721327351599 1.0 595
1721327351664 1.0 597
1721327351701 1.0 598
1721327351632 1.0 596
1721327351731 1.0 599
1721327351764 1.0 600
1721327351877 1.0 602
1721327351839 1.0 601
1721327351909 1.0 603
1721327351974 1.0 605
1721327351943 1.0 604
1721327352039 1.0 607
1721327352007 1.0 606
1721327352073 1.0 608
1721327352136 1.0 610
1721327352104 1.0 609
1721327352172 1.0 611
1721327352285 1.0 613
1721327352315 1.0 614
1721327352239 1.0 612
1721327352349 1.0 615
1721327352380 1.0 616
1721327352414 1.0 617
1721327352446 1.0 618
1721327352508 1.0 620
1721327352476 1.0 619
1721327352539 1.0 621
1721327352682 1.0 624
1721327352606 1.0 623
1721327352573 1.0 622
1721327352719 1.0 625
1721327352782 1.0 627
1721327352753 1.0 626
1721327352814 1.0 628
1721327352887 1.0 630
1721327352844 1.0 629
1721327352919 1.0 631
1721327352950 1.0 632
1721327352981 1.0 633
1721327353011 1.0 634
1721327353044 1.0 635
1721327353160 1.0 637
1721327353194 1.0 638
1721327353120 1.0 636
1721327353226 1.0 639
1721327353260 1.0 640
1721327353292 1.0 641
1721327353358 1.0 643
1721327353325 1.0 642
1721327353391 1.0 644
1721327353430 1.0 645
1721327353648 1.0 650
1721327353579 1.0 648
1721327353463 1.0 646
1721327353540 1.0 647
1721327353613 1.0 649
1721327353686 1.0 651
1721327353717 1.0 652
1721327353799 1.0 654
1721327353834 1.0 655
1721327353759 1.0 653
1721327353875 1.0 656
1721327354087 1.0 660
1721327354018 1.0 658
1721327353961 1.0 657
1721327354120 1.0 661
1721327354054 1.0 659
1721327354149 1.0 662
1721327354213 1.0 664
1721327354244 1.0 665
1721327354273 1.0 666
1721327354334 1.0 668
1721327354183 1.0 663
1721327354435 1.0 669
1721327354461 1.0 670
1721327354307 1.0 667
1721327354491 1.0 671
1721327354518 1.0 672
1721327354547 1.0 673
1721327354582 1.0 674
1721327354614 1.0 675
1721327354667 1.0 677
1721327354642 1.0 676
1721327354719 1.0 679
1721327354692 1.0 678
1721327354778 1.0 680
1721327354808 1.0 681
1721327354834 1.0 682
1721327354940 1.0 686
1721327354887 1.0 684
1721327354912 1.0 685
1721327354859 1.0 683
1721327354966 1.0 687
1721327354996 1.0 688
1721327355025 1.0 689
1721327355051 1.0 690
1721327355077 1.0 691
1721327355133 1.0 692
1721327355164 1.0 693
1721327355191 1.0 694
1721327355223 1.0 695
1721327355250 1.0 696
1721327355304 1.0 698
1721327355276 1.0 697
1721327355329 1.0 699
1721327355355 1.0 700
1721327355482 1.0 701
1721327355520 1.0 702
1721327355546 1.0 703
1721327355573 1.0 704
1721327355602 1.0 705
1721327355628 1.0 706
1721327355684 1.0 708
1721327355736 1.0 710
1721327355657 1.0 707
1721327355710 1.0 709
1721327355856 1.0 713
1721327355911 1.0 715
1721327355762 1.0 711
1721327355828 1.0 712
1721327355961 1.0 717
1721327355937 1.0 716
1721327355884 1.0 714
1721327355987 1.0 718
1721327356041 1.0 720
1721327356014 1.0 719
1721327356068 1.0 721
1721327356153 1.0 723
1721327356123 1.0 722
1721327356206 1.0 725
1721327356179 1.0 724
1721327356233 1.0 726
1721327356265 1.0 727
1721327356297 1.0 728
1721327356324 1.0 729
1721327356351 1.0 730
1721327356377 1.0 731
1721327356437 1.0 732
1721327356473 1.0 733
1721327356499 1.0 734
1721327356525 1.0 735
1721327356552 1.0 736
1721327356577 1.0 737
1721327356603 1.0 738
1721327356627 1.0 739
1721327356686 1.0 741
1721327356780 1.0 743
1721327356655 1.0 740
1721327356749 1.0 742
1721327356833 1.0 745
1721327356808 1.0 744
1721327356858 1.0 746
1721327356886 1.0 747
1721327356939 1.0 749
1721327356912 1.0 748
1721327356965 1.0 750
1721327357072 1.0 753
1721327357016 1.0 752
1721327356991 1.0 751
1721327357133 1.0 755
1721327357105 1.0 754
1721327357158 1.0 756
1721327357186 1.0 757
1721327357213 1.0 758
1721327357272 1.0 760
1721327357299 1.0 761
1721327357327 1.0 762
1721327357420 1.0 764
1721327357390 1.0 763
1721327357471 1.0 766
1721327357444 1.0 765
1721327357504 1.0 767
1721327357528 1.0 768
1721327357555 1.0 769
1721327357579 1.0 770
1721327357606 1.0 771
1721327357631 1.0 772
1721327357657 1.0 773
1721327357772 1.0 774
1721327357826 1.0 775
1721327357852 1.0 776
1721327357880 1.0 777
1721327357940 1.0 779
1721327357909 1.0 778
1721327357966 1.0 780
1721327357993 1.0 781
1721327358021 1.0 782
1721327358103 1.0 784
1721327358047 1.0 783
1721327358133 1.0 785
1721327358160 1.0 786
1721327358186 1.0 787
1721327358239 1.0 789
1721327358212 1.0 788
1721327358264 1.0 790
1721327358297 1.0 791
1721327358391 1.0 793
1721327358417 1.0 794
1721327358360 1.0 792
1721327358494 1.0 797
1721327358468 1.0 796
1721327358572 1.0 800
1721327358546 1.0 799
1721327358661 1.0 802
1721327358599 1.0 801
1721327358694 1.0 803
1721327358721 1.0 804
1721327358747 1.0 805
1721327358773 1.0 806
1721327358800 1.0 807
1721327358825 1.0 808
1721327358990 1.0 813
1721327359017 1.0 814
1721327358876 1.0 810
1721327358851 1.0 809
1721327359046 1.0 815
1721327358933 1.0 811
1721327358963 1.0 812
1721327359101 1.0 817
1721327359075 1.0 816
1721327359126 1.0 818
1721327359243 1.0 821
1721327359216 1.0 820
1721327359269 1.0 822
1721327359188 1.0 819
1721327359295 1.0 823
1721327359350 1.0 825
1721327359324 1.0 824
1721327359375 1.0 826
1721327359411 1.0 827
1721327359473 1.0 828
1721327359554 1.0 831
1721327359528 1.0 830
1721327359502 1.0 829
1721327359578 1.0 832
1721327359605 1.0 833
1721327359630 1.0 834
1721327359656 1.0 835
1721327359683 1.0 836
1721327359710 1.0 837
1721327359782 1.0 838
1721327359834 1.0 840
1721327359808 1.0 839
1721327359859 1.0 841
1721327359886 1.0 842
1721327359912 1.0 843
1721327359937 1.0 844
1721327359963 1.0 845
1721327359990 1.0 846
1721327360016 1.0 847
1721327360082 1.0 848
1721327360109 1.0 849
1721327360164 1.0 851
1721327360138 1.0 850
1721327360192 1.0 852
1721327360218 1.0 853
1721327360245 1.0 854
1721327360272 1.0 855
1721327360361 1.0 857
1721327360392 1.0 858
1721327360443 1.0 860
1721327360419 1.0 859
1721327360469 1.0 861
1721327360557 1.0 864
1721327360528 1.0 863
1721327360502 1.0 862
1721327360696 1.0 868
1721327360583 1.0 865
1721327360665 1.0 867
1721327360609 1.0 866
1721327360722 1.0 869
1721327360783 1.0 871
1721327360751 1.0 870
1721327360838 1.0 873
1721327360812 1.0 872
1721327360862 1.0 874
1721327360992 1.0 877
1721327360935 1.0 875
1721327360964 1.0 876
1721327361018 1.0 878
1721327361072 1.0 880
1721327361045 1.0 879
1721327361183 1.0 883
1721327361097 1.0 881
1721327361124 1.0 882
1721327361214 1.0 884
1721327361287 1.0 886
1721327361246 1.0 885
1721327361350 1.0 888
1721327361322 1.0 887
1721327361374 1.0 889
1721327361401 1.0 890
1721327361509 1.0 892
1721327361540 1.0 893
1721327361567 1.0 894
1721327361449 1.0 891
1721327361598 1.0 895
1721327361675 1.0 898
1721327361623 1.0 896
1721327361650 1.0 897
1721327361701 1.0 899
1721327361762 1.0 900
1721327361793 1.0 901
1721327361820 1.0 902
1721327361873 1.0 904
1721327361905 1.0 905
1721327361846 1.0 903
1721327361960 1.0 907
1721327361987 1.0 908
1721327361933 1.0 906
1721327362041 1.0 909
1721327362073 1.0 910
1721327362100 1.0 911
1721327362124 1.0 912
1721327362178 1.0 914
1721327362152 1.0 913
1721327362205 1.0 915
1721327362297 1.0 917
1721327362236 1.0 916
1721327362331 1.0 918
1721327362357 1.0 919
1721327362384 1.0 920
1721327362409 1.0 921
1721327362435 1.0 922
1721327362466 1.0 923
1721327362518 1.0 925
1721327362594 1.0 926
1721327362492 1.0 924
1721327362625 1.0 927
1721327362682 1.0 929
1721327362654 1.0 928
1721327362710 1.0 930
1721327362740 1.0 931
1721327362767 1.0 932
1721327362796 1.0 933
1721327362905 1.0 934
1721327362934 1.0 935
1721327362962 1.0 936
1721327362990 1.0 937
1721327363020 1.0 938
1721327363049 1.0 939
1721327363075 1.0 940
1721327363143 1.0 941
1721327363175 1.0 942
1721327363202 1.0 943
1721327363504 1.0 945
1721327363232 1.0 944
1721327363540 1.0 946
1721327363569 1.0 947
1721327363630 1.0 949
1721327363602 1.0 948
1721327363697 1.0 950
1721327363729 1.0 951
1721327363759 1.0 952
1721327363786 1.0 953
1721327363816 1.0 954
1721327363849 1.0 955
1721327363880 1.0 956
1721327363910 1.0 957
1721327363977 1.0 958
1721327364012 1.0 959
1721327364038 1.0 960
1721327364066 1.0 961
1721327364093 1.0 962
1721327364124 1.0 963
1721327364152 1.0 964
1721327364213 1.0 966
1721327364330 1.0 968
1721327364298 1.0 967
1721327364180 1.0 965
1721327364360 1.0 969
1721327364394 1.0 970
1721327364452 1.0 972
1721327364424 1.0 971
1721327364483 1.0 973
1721327364566 1.0 974
1721327364673 1.0 978
1721327364649 1.0 977
1721327364623 1.0 976
1721327364591 1.0 975
1721327364699 1.0 979
1721327364724 1.0 980
1721327364751 1.0 981
1721327364810 1.0 982
1721327364842 1.0 983
1721327364894 1.0 985
1721327364926 1.0 986
1721327364954 1.0 987
1721327364869 1.0 984
1721327364983 1.0 988
1721327365008 1.0 989
1721327365035 1.0 990
1721327365101 1.0 991
1721327365152 1.0 993
1721327365125 1.0 992
1721327365239 1.0 996
1721327365211 1.0 995
1721327365184 1.0 994
1721327365327 1.0 998
1721327365268 1.0 997
1721327365359 1.0 999
