1721327329771 0.6221426725387573 0
1721327329812 0.6219149827957153 1
1721327329974 0.6211142539978027 4
1721327330027 0.6208307147026062 5
1721327330083 0.6205425262451172 6
1721327329924 0.6213915348052979 3
1721327330199 0.6199970841407776 8
1721327330141 0.6202505826950073 7
1721327330251 0.6197322607040405 9
1721327330316 0.6194363236427307 10
1721327330373 0.6191530227661133 11
1721327330430 0.6188886165618896 12
1721327330549 0.6183460354804993 14
1721327330657 0.6180688142776489 15
1721327330490 0.618619441986084 13
1721327330908 0.6169513463973999 19
1721327330721 0.6177881956100464 16
1721327330846 0.6172179579734802 18
1721327330787 0.6175044775009155 17
1721327330977 0.6166782379150391 20
1721327331252 0.6155686974525452 24
1721327331313 0.6152914762496948 25
1721327331178 0.6158424615859985 23
1721327331038 0.6163825392723083 21
1721327331373 0.6150108575820923 26
1721327331426 0.6147271394729614 27
1721327331490 0.6144407391548157 28
1721327331627 0.613860547542572 30
1721327331752 0.6133013367652893 32
1721327332133 0.6116007566452026 38
1721327331881 0.6127405166625977 34
1721327331818 0.6130217909812927 33
1721327331943 0.6124536991119385 35
1721327332071 0.6118847727775574 37
1721327332002 0.612166166305542 36
1721327331695 0.6135824918746948 31
1721327332248 0.61103355884552 40
1721327332359 0.6098974943161011 44
1721327332276 0.6107500195503235 41
1721327332391 0.6096049547195435 45
1721327332303 0.6104632616043091 42
1721327332330 0.6101735830307007 43
1721327332421 0.6093176007270813 46
1721327332477 0.6087493300437927 48
1721327332505 0.6084601879119873 49
1721327332449 0.6090351939201355 47
1721327332535 0.6081680655479431 50
1721327332567 0.6078731417655945 51
1721327332596 0.6075842380523682 52
1721327332657 0.6070027351379395 54
1721327332742 0.6061320304870605 57
1721327332624 0.6072924137115479 53
1721327332683 0.6067158579826355 55
1721327332711 0.6064255237579346 56
1721327332807 0.6055374145507812 59
1721327332771 0.6058356761932373 58
1721327332837 0.6052449345588684 60
1721327332891 0.6046647429466248 62
1721327332864 0.6049501299858093 61
1721327332923 0.6043618321418762 63
1721327333026 0.6031867265701294 67
1721327333001 0.6034804582595825 66
1721327332949 0.6040678024291992 64
1721327333095 0.6028896570205688 68
1721327332976 0.6037709712982178 65
1721327333129 0.60258948802948 69
1721327333154 0.6022894978523254 70
1721327333207 0.601692259311676 72
1721327333179 0.6019911170005798 71
1721327333259 0.6010956764221191 74
1721327333232 0.6013970375061035 73
1721327333284 0.6007980108261108 75
1721327333363 0.5998945832252502 78
1721327333337 0.600195586681366 77
1721327333311 0.6004960536956787 76
1721327333388 0.5995939373970032 79
1721327333415 0.5992901921272278 80
1721327333441 0.5989943146705627 81
1721327333465 0.5986838936805725 82
1721327333493 0.5983810424804688 83
1721327333602 0.5971673130989075 87
1721327333546 0.597775936126709 85
1721327333519 0.5980814099311829 84
1721327333572 0.5974732637405396 86
1721327333628 0.5968583226203918 88
1721327333653 0.5965652465820312 89
1721327333679 0.5962532758712769 90
1721327333730 0.595642626285553 92
1721327333706 0.595944344997406 91
1721327333757 0.5953371524810791 93
1721327333864 0.5940976738929749 97
1721327333839 0.594401478767395 96
1721327333810 0.5947163701057434 95
1721327333783 0.5950283408164978 94
1721327333890 0.5937868356704712 98
1721327333917 0.5934715270996094 99
1721327333944 0.5931647419929504 100
1721327333973 0.592854380607605 101
1721327334007 0.5925407409667969 102
1721327334039 0.59222412109375 103
1721327334173 0.5912877917289734 106
1721327334142 0.5916013717651367 105
1721327334109 0.5919181108474731 104
1721327334202 0.590978741645813 107
1721327334234 0.5906659960746765 108
1721327334361 0.5894089341163635 112
1721327334264 0.5903498530387878 109
1721327334306 0.5900305509567261 110
1721327334333 0.5897083282470703 111
1721327334392 0.5890925526618958 113
1721327334417 0.5887566804885864 114
1721327334444 0.5884428024291992 115
1721327334470 0.5881252884864807 116
1721327334496 0.5878044366836548 117
1721327334577 0.5868442058563232 120
1721327334550 0.5871641635894775 119
1721327334523 0.5874894857406616 118
1721327334604 0.5865288972854614 121
1721327334632 0.5862050652503967 122
1721327334728 0.5858853459358215 123
1721327334833 0.5845944881439209 127
1721327334807 0.5849170684814453 126
1721327334755 0.5855622291564941 124
1721327334780 0.5852397680282593 125
1721327334887 0.583953857421875 129
1721327334914 0.5836212038993835 130
1721327334860 0.5842685699462891 128
1721327334943 0.5833034515380859 131
1721327334970 0.582984447479248 132
1721327334996 0.582661509513855 133
1721327335025 0.5823348760604858 134
1721327335106 0.5813359022140503 137
1721327335079 0.5816718339920044 136
1721327335053 0.5820049047470093 135
1721327335131 0.5810298919677734 138
1721327335184 0.5803602933883667 140
1721327335158 0.5807055234909058 139
1721327335211 0.5800277590751648 141
1721327335266 0.5793814063072205 143
1721327335240 0.5797067284584045 142
1721327335297 0.5790521502494812 144
1721327335350 0.5783831477165222 146
1721327335324 0.5787193179130554 145
1721327335402 0.5777018666267395 148
1721327335428 0.5773895382881165 149
1721327335376 0.5780438780784607 147
1721327335454 0.57706218957901 150
1721327335483 0.5767139196395874 151
1721327335510 0.5763704776763916 152
1721327335536 0.5760438442230225 153
1721327335562 0.5757128596305847 154
1721327335589 0.5753780603408813 155
1721327335614 0.5750394463539124 156
1721327335641 0.5746976137161255 157
1721327335692 0.5740188360214233 159
1721327335718 0.5736833810806274 160
1721327335665 0.5743527412414551 158
1721327335744 0.5733337998390198 161
1721327335806 0.5729977488517761 162
1721327335860 0.5723142623901367 164
1721327335833 0.5726577043533325 163
1721327335887 0.5719853639602661 165
1721327335913 0.5716385841369629 166
1721327335939 0.5712972283363342 167
1721327335967 0.5709611177444458 168
1721327335994 0.5706208944320679 169
1721327336022 0.5702767968177795 170
1721327336047 0.5699292421340942 171
1721327336100 0.5692501664161682 173
1721327336127 0.5689072012901306 174
1721327336152 0.5685440301895142 175
1721327336180 0.5682104229927063 176
1721327336272 0.5671886801719666 179
1721327336211 0.5678743124008179 177
1721327336242 0.5675336122512817 178
1721327336303 0.5668398141860962 180
1721327336334 0.5664874911308289 181
1721327336365 0.5661318302154541 182
1721327336425 0.5654279589653015 184
1721327336461 0.5650858283042908 185
1721327336395 0.5657731294631958 183
1721327336491 0.5647228956222534 186
1721327336552 0.5640339851379395 188
1721327336610 0.5633354187011719 190
1721327336521 0.5643766522407532 187
1721327336580 0.5636867880821228 189
1721327336645 0.5629802346229553 191
1721327336674 0.5626215934753418 192
1721327336706 0.5622596144676208 193
1721327336820 0.5615667104721069 195
1721327336857 0.5611972212791443 196
1721327336739 0.5619156956672668 194
1721327336889 0.5608492493629456 197
1721327336949 0.5601764917373657 199
1721327336980 0.5598206520080566 200
1721327336919 0.5605677962303162 198
1721327337017 0.5594756007194519 201
1721327337047 0.5591256618499756 202
1721327337078 0.5587711930274963 203
1721327337147 0.5580759048461914 205
1721327337111 0.5584200024604797 204
1721327337177 0.5577183961868286 206
1721327337270 0.5566619634628296 209
1721327337207 0.5573694705963135 207
1721327337239 0.5570157170295715 208
1721327337337 0.555951714515686 211
1721327337301 0.5563070178031921 210
1721327337368 0.5555933117866516 212
1721327337400 0.5552399158477783 213
1721327337433 0.5548830032348633 214
1721327337465 0.5545217990875244 215
1721327337496 0.5541629791259766 216
1721327337527 0.5537993311882019 217
1721327337590 0.5530835390090942 219
1721327337561 0.5534376502037048 218
1721327337621 0.5527456998825073 220
1721327337683 0.5520156621932983 222
1721327337652 0.5523638725280762 221
1721327337787 0.551318347454071 224
1721327337713 0.5516676902770996 223
1721327337821 0.5509634017944336 225
1721327337858 0.5506105422973633 226
1721327337890 0.550250768661499 227
1721327337919 0.5498926639556885 228
1721327337982 0.5491741895675659 230
1721327337950 0.5495414137840271 229
1721327338050 0.548452615737915 232
1721327338019 0.5488134026527405 231
1721327338081 0.5480899214744568 233
1721327338144 0.547359049320221 235
1721327338176 0.5469954013824463 236
1721327338113 0.5477268099784851 234
1721327338208 0.5466231107711792 237
1721327338239 0.5462677478790283 238
1721327338269 0.5459028482437134 239
1721327338361 0.5448142886161804 242
1721327338410 0.5444588661193848 243
1721327338329 0.5451822876930237 241
1721327338298 0.5455453395843506 240
1721327338482 0.5437376499176025 245
1721327338446 0.5440871119499207 244
1721327338513 0.5433821082115173 246
1721327338542 0.5430206656455994 247
1721327338633 0.5419145822525024 250
1721327338573 0.5426539182662964 248
1721327338699 0.5415464043617249 251
1721327338771 0.5408296585083008 253
1721327338603 0.542282223701477 249
1721327338734 0.5411769151687622 252
1721327338804 0.5404483079910278 254
1721327338833 0.5400808453559875 255
1721327338895 0.5393432378768921 257
1721327338864 0.5397143363952637 256
1721327338926 0.5389987230300903 258
1721327339057 0.5375275015830994 262
1721327338989 0.538291871547699 260
1721327338957 0.5386587977409363 259
1721327339089 0.537177324295044 263
1721327339025 0.5379119515419006 261
1721327339124 0.5368059277534485 264
1721327339222 0.5357247591018677 267
1721327339161 0.5364472270011902 265
1721327339192 0.536089301109314 266
1721327339252 0.5353543162345886 268
1721327339356 0.5346142053604126 270
1721327339321 0.5349876880645752 269
1721327339388 0.5342564582824707 271
1721327339418 0.5338895916938782 272
1721327339448 0.5335333347320557 273
1721327339479 0.5331515669822693 274
1721327339509 0.5328000783920288 275
1721327339678 0.5309584140777588 280
1721327339571 0.5320937037467957 277
1721327339604 0.5317242741584778 278
1721327339642 0.5313391089439392 279
1721327339743 0.5302237272262573 282
1721327339710 0.5305913090705872 281
1721327339777 0.5298668742179871 283
1721327339809 0.5295066833496094 284
1721327339883 0.5287797451019287 286
1721327339846 0.5291451811790466 285
1721327339959 0.5280510187149048 288
1721327339926 0.5284076929092407 287
1721327340022 0.52729332447052 290

1721327340055 0.5269215106964111 291
1721327340084 0.5265613794326782 292
1721327340152 0.5261775255203247 293
1721327340191 0.5258008241653442 294
1721327340221 0.5254546403884888 295
1721327340280 0.5247155427932739 297
1721327340316 0.524329423904419 298
1721327340251 0.525105893611908 296
1721327340348 0.5239607691764832 299
1721327340380 0.5236288905143738 300
1721327340412 0.523260235786438 301
1721327340443 0.5228496789932251 302
1721327340473 0.5224859714508057 303
1721327340503 0.522124171257019 304
1721327340534 0.5217555165290833 305
1721327340671 0.5202716588973999 309
1721327340568 0.5213886499404907 306
1721327340638 0.5206167101860046 308
1721327340607 0.5210034847259521 307
1721327340734 0.5195114612579346 311
1721327340703 0.5199030041694641 310
1721327340766 0.5191384553909302 312
1721327340795 0.518761396408081 313
1721327340826 0.5183875560760498 314
1721327340890 0.5180174112319946 315
1721327340960 0.517259955406189 317
1721327340990 0.5168983936309814 318
1721327340928 0.5176421403884888 316
1721327341024 0.5165131688117981 319
1721327341091 0.5157670974731445 321
1721327341124 0.5154014825820923 322
1721327341061 0.5161302089691162 320
1721327341158 0.5150097608566284 323
1721327341192 0.5146228075027466 324
1721327341410 0.5127544403076172 329
1721327341224 0.5142779350280762 325
1721327341292 0.5134972333908081 327
1721327341364 0.5131362080574036 328
1721327341259 0.513899028301239 326
1721327341463 0.5123745203018188 330
1721327341519 0.5119971036911011 331
1721327341571 0.5116217136383057 332
1721327341653 0.5108857750892639 334
1721327341613 0.5112534165382385 333
1721327341685 0.510509729385376 335
1721327341756 0.510128378868103 336
1721327341824 0.5093686580657959 338
1721327341793 0.5097457766532898 337
1721327341855 0.5089874267578125 339
1721327341887 0.5086168050765991 340
1721327341918 0.508256733417511 341
1721327341986 0.5074844360351562 343
1721327341954 0.5078685879707336 342
1721327342019 0.5071167945861816 344
1721327342116 0.5059763193130493 347
1721327342192 0.5052297711372375 349
1721327342081 0.5063503980636597 346
1721327342050 0.5067326426506042 345
1721327342233 0.5048476457595825 350
1721327342262 0.5044418573379517 351
1721327342334 0.5037224888801575 353
1721327342381 0.5033189058303833 354
1721327342295 0.5041005611419678 352
1721327342434 0.5029594898223877 355
1721327342521 0.5026111006736755 356
1721327342585 0.50182044506073 358
1721327342554 0.5022303462028503 357
1721327342618 0.5014310479164124 359
1721327342680 0.5006881356239319 361
1721327342711 0.5002899169921875 362
1721327342649 0.5010617971420288 360
1721327342744 0.4999008774757385 363

1721327342805 0.49914029240608215 365
1721327342836 0.4987555146217346 366
1721327342867 0.49838492274284363 367
1721327342901 0.49798572063446045 368
1721327342961 0.4972766637802124 370
1721327343001 0.496874064207077 371
1721327342930 0.49764764308929443 369
1721327343047 0.4964659810066223 372
1721327343125 0.49574339389801025 374
1721327343094 0.4961228668689728 373
1721327343194 0.4953538775444031 375
1721327343230 0.49495986104011536 376
1721327343261 0.4945845603942871 377

1721327343292 0.49420902132987976 378
1721327343489 0.49268966913223267 382
1721327343397 0.49343341588974 380
1721327343445 0.4930376410484314 381
1721327343602 0.4915222227573395 385
1721327343633 0.4911472499370575 386
1721327343539 0.49231576919555664 383
1721327343570 0.49190694093704224 384
1721327343724 0.4900032579898834 389
1721327343662 0.4907951354980469 387
1721327343692 0.4904033839702606 388
1721327343787 0.489225298166275 391
1721327343824 0.4888463020324707 392
1721327343755 0.4895981550216675 390
1721327343933 0.4880586266517639 394
1721327343969 0.48768237233161926 395
1721327343896 0.4884479343891144 393
1721327344001 0.48729318380355835 396
1721327344034 0.4869135022163391 397
1721327344066 0.4865358769893646 398
1721327344103 0.48616182804107666 399
1721327344180 0.4853777587413788 401
1721327344137 0.4857845902442932 400
1721327344211 0.4849902391433716 402
1721327344241 0.48460260033607483 403
1721327344337 0.4834686517715454 406
1721327344306 0.4838637113571167 405
1721327344273 0.4842376708984375 404
1721327344438 0.4822889566421509 409
1721327344406 0.4826814532279968 408
1721327344473 0.48189982771873474 410
1721327344370 0.4830607771873474 407
1721327344544 0.48153141140937805 411
1721327344582 0.4811461567878723 412
1721327344612 0.48074284195899963 413
1721327344641 0.48035991191864014 414
1721327344671 0.47998732328414917 415
1721327344705 0.4795844554901123 416
1721327344735 0.47922754287719727 417
1721327344798 0.47845765948295593 419
1721327344829 0.4780691862106323 420
1721327344860 0.4776846766471863 421
1721327344891 0.47733214497566223 422
1721327344952 0.47653478384017944 424
1721327344923 0.47695010900497437 423
1721327344984 0.47613033652305603 425
1721327345016 0.47577881813049316 426
1721327345109 0.4754064679145813 427
1721327345141 0.47502756118774414 428
1721327345216 0.4742088317871094 430
1721327345251 0.4738314747810364 431
1721327345283 0.4734625220298767 432
1721327345414 0.47190284729003906 436
1721327345383 0.47230273485183716 435
1721327345314 0.47305911779403687 433
1721327345349 0.4726756513118744 434
1721327345446 0.47150951623916626 437
1721327345478 0.47112470865249634 438
1721327345511 0.4707756042480469 439
1721327345544 0.4703868627548218 440
1721327345574 0.46998709440231323 441
1721327345605 0.46957457065582275 442
1721327345684 0.469204843044281 443
1721327345758 0.46845072507858276 445
1721327345721 0.4688314199447632 444
1721327345852 0.46726733446121216 448
1721327345791 0.4680454134941101 446
1721327345822 0.4676547944545746 447
1721327345922 0.46645593643188477 450
1721327345890 0.466860294342041 449
1721327345954 0.4660807251930237 451
1721327345985 0.46568211913108826 452
1721327346079 0.4645012319087982 455
1721327346016 0.46528804302215576 453
1721327346047 0.46489453315734863 454
1721327346110 0.46413034200668335 456
1721327346142 0.46374189853668213 457
1721327346176 0.4633617699146271 458
1721327346324 0.46224507689476013 461
1721327346253 0.4630250334739685 459
1721327346293 0.4626273512840271 460
1721327346358 0.46186351776123047 462
1721327346391 0.46145549416542053 463
1721327346424 0.4611068069934845 464
1721327346460 0.4607376456260681 465
1721327346527 0.4599970579147339 467
1721327346494 0.46036988496780396 466
1721327346561 0.459612101316452 468
1721327346596 0.4592161178588867 469
1721327346713 0.4584159851074219 471
1721327346639 0.4588102698326111 470
1721327346775 0.4576779901981354 473
1721327346745 0.4580543637275696 472
1721327346889 0.45690810680389404 475
1721327346962 0.4561226963996887 477
1721327346928 0.4565259516239166 476
1721327346995 0.4557896852493286 478
1721327347027 0.455352783203125 479
1721327347059 0.4550156891345978 480
1721327347093 0.4546680748462677 481
1721327347232 0.45311641693115234 485
1721327347125 0.4542922079563141 482
1721327347198 0.4535216689109802 484
1721327347336 0.451987087726593 488
1721327347266 0.4527270793914795 486
1721327347163 0.45389747619628906 483
1721327347305 0.4523535966873169 487
1721327347367 0.45158851146698 489
1721327347401 0.4511885643005371 490
1721327347440 0.45080801844596863 491
1721327347552 0.45045846700668335 492
1721327347688 0.44894856214523315 496
1721327347651 0.4493037760257721 495
1721327347585 0.45006877183914185 493
1721327347723 0.44855448603630066 497
1721327347755 0.4481511116027832 498
1721327347618 0.4497101902961731 494
1721327347791 0.447784423828125 499
1721327347822 0.44742637872695923 500
1721327347888 0.4466468095779419 502
1721327347853 0.4470272958278656 501
1721327347991 0.4455156624317169 505
1721327348133 0.4443891942501068 508
1721327348022 0.44512122869491577 506
1721327347956 0.4459109902381897 504
1721327347922 0.4462953209877014 503
1721327348057 0.44484764337539673 507
1721327348177 0.44400161504745483 509
1721327348211 0.4436246156692505 510
1721327348276 0.442895770072937 512

1721327348310 0.44251373410224915 513
1721327348376 0.44173288345336914 515
1721327348342 0.4421244263648987 514
1721327348414 0.4413648247718811 516
1721327348484 0.44060805439949036 518
1721327348448 0.440999835729599 517
1721327348517 0.4402351677417755 519
1721327348551 0.43986040353775024 520
1721327348663 0.43912360072135925 522
1721327348771 0.4379986524581909 525
1721327348704 0.43874675035476685 523
1721327348803 0.4376373291015625 526
1721327348834 0.4372488260269165 527
1721327348867 0.4368641972541809 528
1721327348737 0.43835926055908203 524
1721327348902 0.4364628195762634 529
1721327348933 0.43614187836647034 530
1721327348965 0.43574297428131104 531
1721327348996 0.43538299202919006 532
1721327349028 0.43498194217681885 533
1721327349097 0.43428075313568115 535
1721327349063 0.434609979391098 534
1721327349208 0.4335288405418396 537
1721327349169 0.43392011523246765 536
1721327349239 0.43316650390625 538
1721327349269 0.4327396750450134 539
1721327349303 0.4324096441268921 540
1721327349333 0.43207278847694397 541
1721327349366 0.4316927492618561 542
1721327349430 0.43090927600860596 544
1721327349580 0.4293968677520752 548
1721327349463 0.43051111698150635 545
1721327349399 0.43128639459609985 543
1721327349506 0.4301241934299469 546
1721327349540 0.42977452278137207 547
1721327349618 0.4289872646331787 549
1721327349653 0.4286133050918579 550
1721327349726 0.4282642602920532 551
1721327349848 0.4275173246860504 553
1721327349947 0.426395058631897 556
1721327349882 0.42713403701782227 554
1721327349807 0.42787063121795654 552
1721327349981 0.42604097723960876 557
1721327350016 0.42563313245773315 558
1721327349913 0.4267553389072418 555
1721327350058 0.4252903461456299 559
1721327350093 0.4249304234981537 560
1721327350157 0.42422473430633545 562
1721327350124 0.42459625005722046 561
1721327350377 0.42232099175453186 567
1721327350192 0.42381396889686584 563
1721327350265 0.42343294620513916 564
1721327350473 0.42194244265556335 568
1721327350303 0.42308294773101807 565
1721327350335 0.42269808053970337 566
1721327350564 0.4215341806411743 569
1721327350626 0.42118632793426514 570
1721327350728 0.4204975366592407 572
1721327350694 0.4208434820175171 571
1721327350757 0.4201386570930481 573
1721327350854 0.4189360439777374 576
1721327350949 0.4186514616012573 577
1721327350997 0.4182335138320923 578
1721327350824 0.4193384647369385 575
1721327351064 0.41749268770217896 580
1721327350793 0.41974371671676636 574
1721327351028 0.4178584814071655 579
1721327351101 0.417147159576416 581
1721327351165 0.41641438007354736 583
1721327351130 0.41679033637046814 582
1721327351199 0.4160529673099518 584
1721327351262 0.415330171585083 586
1721327351292 0.4149567484855652 587
1721327351400 0.4142049252986908 589
1721327351231 0.4156939387321472 585
1721327351439 0.4138275384902954 590
1721327351327 0.4145749807357788 588
1721327351471 0.4134664237499237 591
1721327351505 0.413076251745224 592
1721327351536 0.4127104580402374 593
1721327351570 0.4123518466949463 594
1721327351664 0.4112274646759033 597
1721327351599 0.4119694232940674 595
1721327351632 0.41156530380249023 596
1721327351701 0.41081392765045166 598
1721327351731 0.41047728061676025 599
1721327351764 0.4101147949695587 600
1721327351877 0.4093706011772156 602
1721327351839 0.40973368287086487 601
1721327351909 0.408998042345047 603
1721327351943 0.4086019992828369 604
1721327351974 0.4082363247871399 605
1721327352039 0.40751826763153076 607
1721327352007 0.40788108110427856 606
1721327352073 0.40714648365974426 608
1721327352136 0.4063839912414551 610
1721327352104 0.406760573387146 609
1721327352172 0.4060426354408264 611
1721327352315 0.4049437940120697 614
1721327352285 0.40531590580940247 613
1721327352239 0.4056697487831116 612
1721327352349 0.40455323457717896 615
1721327352380 0.4042133688926697 616
1721327352414 0.403841495513916 617
1721327352446 0.40348178148269653 618
1721327352508 0.4027702808380127 620
1721327352539 0.4024185538291931 621
1721327352682 0.40128466486930847 624
1721327352606 0.401672899723053 623
1721327352573 0.40204888582229614 622
1721327352719 0.40091472864151 625
1721327352782 0.4001704156398773 627
1721327352753 0.4005492925643921 626
1721327352814 0.399832546710968 628
1721327352887 0.3990851938724518 630
1721327352844 0.39944472908973694 629
1721327352919 0.39871999621391296 631
1721327352981 0.39803197979927063 633
1721327352950 0.39834344387054443 632
1721327353160 0.3965235650539398 637
1721327353011 0.39761126041412354 634
1721327353044 0.3972645401954651 635
1721327353194 0.396171510219574 638
1721327353120 0.39690685272216797 636
1721327353226 0.39581769704818726 639
1721327353260 0.39544621109962463 640
1721327353292 0.39507922530174255 641
1721327353358 0.3943772315979004 643
1721327353325 0.39471450448036194 642
1721327353391 0.3940253257751465 644
1721327353648 0.3918665647506714 650
1721327353430 0.3936591148376465 645
1721327353579 0.39256957173347473 648
1721327353613 0.3922671675682068 649
1721327353540 0.3929117023944855 647
1721327353463 0.3932753801345825 646
1721327353686 0.39150556921958923 651
1721327353717 0.39117157459259033 652
1721327353799 0.390500545501709 654
1721327353759 0.39081239700317383 653
1721327353834 0.39015641808509827 655
1721327353875 0.3897736370563507 656
1721327354087 0.3882741332054138 660
1721327354018 0.3889945149421692 658
1721327354120 0.38794615864753723 661
1721327353961 0.38936957716941833 657
1721327354149 0.38758641481399536 662
1721327354213 0.386808842420578 664
1721327354273 0.3860284984111786 666
1721327354244 0.3864348530769348 665
1721327354334 0.3853591978549957 668
1721327354183 0.3871936798095703 663
1721327354435 0.38501235842704773 669
1721327354461 0.38466161489486694 670
1721327354307 0.3857082724571228 667
1721327354491 0.3842915892601013 671
1721327354518 0.3839593529701233 672
1721327354582 0.3831785321235657 674
1721327354547 0.38355016708374023 673
1721327354614 0.38284409046173096 675
1721327354667 0.38209453225135803 677
1721327354642 0.3824750781059265 676
1721327354719 0.3814070224761963 679
1721327354692 0.38175007700920105 678
1721327354778 0.38104957342147827 680
1721327354808 0.38069772720336914 681
1721327354834 0.3803306221961975 682
1721327354940 0.37886643409729004 686
1721327354887 0.37957751750946045 684
1721327354912 0.37922167778015137 685
1721327354859 0.37994974851608276 683
1721327354966 0.3785531520843506 687
1721327354996 0.37819117307662964 688
1721327355051 0.3774425685405731 690
1721327355025 0.37781089544296265 689
1721327355077 0.3771158456802368 691
1721327355191 0.3760491609573364 694
1721327355164 0.37641701102256775 693
1721327355133 0.3767804205417633 692
1721327355223 0.37568235397338867 695
1721327355250 0.3753277659416199 696
1721327355304 0.3746054470539093 698
1721327355276 0.37497255206108093 697
1721327355329 0.3742530345916748 699
1721327355355 0.373876690864563 700
1721327355482 0.3735557496547699 701
1721327355520 0.3731846213340759 702
1721327355573 0.37250402569770813 704
1721327355546 0.37284672260284424 703
1721327355628 0.37178394198417664 706
1721327355602 0.37214818596839905 705
1721327355684 0.3710784912109375 708
1721327355736 0.3703534007072449 710
1721327355657 0.37143945693969727 707
1721327355856 0.3692919611930847 713
1721327355710 0.3707214295864105 709
1721327355762 0.3700070083141327 711
1721327355911 0.3685774803161621 715
1721327355828 0.36963149905204773 712
1721327355961 0.3678971230983734 717
1721327355937 0.3682415187358856 716
1721327355884 0.36894580721855164 714
1721327355987 0.36751580238342285 718
1721327356041 0.3668311834335327 720
1721327356014 0.3672267198562622 719
1721327356068 0.36646947264671326 721
1721327356153 0.3658009171485901 723
1721327356123 0.3661267161369324 722
1721327356206 0.36506688594818115 725
1721327356179 0.36545199155807495 724
1721327356233 0.3647172451019287 726
1721327356297 0.3640086352825165 728
1721327356265 0.36436623334884644 727
1721327356324 0.36365634202957153 729
1721327356351 0.3633153438568115 730
1721327356377 0.36297351121902466 731
1721327356437 0.3626115918159485 732
1721327356473 0.36228394508361816 733
1721327356499 0.36196595430374146 734
1721327356525 0.3616083264350891 735
1721327356577 0.3608993887901306 737
1721327356552 0.36121511459350586 736
1721327356603 0.36057785153388977 738
1721327356627 0.3602275848388672 739
1721327356686 0.3595086336135864 741
1721327356655 0.3598322868347168 740
1721327356780 0.35885900259017944 743
1721327356749 0.35919517278671265 742
1721327356833 0.35811975598335266 745
1721327356808 0.35849475860595703 744
1721327356858 0.3577418327331543 746
1721327356886 0.3574327826499939 747
1721327356939 0.35669705271720886 749
1721327356912 0.3570409417152405 748
1721327356965 0.35637402534484863 750
1721327357072 0.35534483194351196 753
1721327357016 0.3557015061378479 752
1721327356991 0.3560476303100586 751
1721327357133 0.3546575605869293 755
1721327357105 0.35499417781829834 754
1721327357186 0.35396113991737366 757
1721327357158 0.3543253540992737 756
1721327357213 0.3536127507686615 758
1721327357272 0.35289913415908813 760
1721327357242 0.3532530665397644 759
1721327357299 0.35253551602363586 761
1721327357327 0.3522575795650482 762
1721327357420 0.3515356481075287 764
1721327357390 0.3518931567668915 763
1721327357471 0.3508565425872803 766
1721327357444 0.351211816072464 765
1721327357504 0.35052490234375 767
1721327357528 0.3501671850681305 768
1721327357555 0.349818617105484 769
1721327357579 0.3494988977909088 770
1721327357606 0.34915751218795776 771
1721327357772 0.34814393520355225 774
1721327357631 0.3487969934940338 772
1721327357657 0.3484465777873993 773
1721327357826 0.3478105664253235 775
1721327357852 0.3474414348602295 776
1721327357880 0.347134530544281 777
1721327357909 0.3468010425567627 778
1721327357966 0.3461090922355652 780
1721327357993 0.34577441215515137 781
1721327358021 0.34535691142082214 782
1721327358103 0.3447103500366211 784
1721327358047 0.34504902362823486 783
1721327358133 0.3443712592124939 785
1721327358160 0.34402358531951904 786
1721327358186 0.34368109703063965 787
1721327358264 0.3426569104194641 790
1721327358239 0.3430043160915375 789
1721327358212 0.34334853291511536 788
1721327358297 0.34229177236557007 791
1721327358391 0.3416365385055542 793
1721327358417 0.3413211703300476 794
1721327358360 0.3419771194458008 792
1721327358441 0.3409839868545532 795
1721327358468 0.3406539559364319 796
1721327358494 0.34031447768211365 797
1721327358572 0.3392660617828369 800
1721327358546 0.3396301865577698 799
1721327358520 0.3399810194969177 798
1721327358661 0.33860868215560913 802
1721327358694 0.338276743888855 803
1721327358599 0.3389386832714081 801
1721327358721 0.33793917298316956 804
1721327358747 0.33758461475372314 805
1721327358773 0.3372756242752075 806
1721327358800 0.3369545340538025 807
1721327358825 0.33661797642707825 808
1721327358990 0.33493930101394653 813
1721327359017 0.33456969261169434 814
1721327359046 0.33426013588905334 815
1721327358851 0.33627358078956604 809
1721327358876 0.33592528104782104 810
1721327358933 0.335565447807312 811
1721327358963 0.33529168367385864 812
1721327359101 0.33360743522644043 817
1721327359075 0.33393096923828125 816
1721327359126 0.33325833082199097 818
1721327359243 0.3322654366493225 821
1721327359216 0.3326045274734497 820
1721327359269 0.3319101631641388 822
1721327359188 0.33291319012641907 819
1721327359295 0.33156538009643555 823
1721327359350 0.3309348225593567 825
1721327359324 0.33123019337654114 824
1721327359375 0.3305984437465668 826
1721327359411 0.3302515149116516 827
1721327359473 0.3299442529678345 828
1721327359554 0.3289341330528259 831
1721327359528 0.329294353723526 830
1721327359502 0.3296357989311218 829
1721327359578 0.3286078870296478 832
1721327359605 0.32829925417900085 833
1721327359630 0.3279624283313751 834
1721327359683 0.32729262113571167 836
1721327359656 0.32761532068252563 835
1721327359710 0.32696759700775146 837
1721327359782 0.32661867141723633 838
1721327359834 0.32598936557769775 840
1721327359808 0.32631540298461914 839
1721327359859 0.3256303369998932 841
1721327359886 0.3253018260002136 842
1721327359912 0.3250197768211365 843
1721327359937 0.32465964555740356 844
1721327359963 0.32432204484939575 845
1721327359990 0.3240163028240204 846
1721327360016 0.3236985206604004 847
1721327360082 0.32336312532424927 848
1721327360109 0.32302016019821167 849
1721327360164 0.3223913908004761 851
1721327360138 0.32271116971969604 850
1721327360192 0.32208138704299927 852
1721327360218 0.32174330949783325 853
1721327360245 0.32140976190567017 854
1721327360272 0.32105401158332825 855
1721327360300 0.3207545876502991 856
1721327360361 0.3204474449157715 857
1721327360392 0.320151150226593 858
1721327360443 0.31947386264801025 860
1721327360419 0.3198259472846985 859
1721327360469 0.3191497027873993 861
1721327360557 0.3181675672531128 864
1721327360528 0.3185027241706848 863
1721327360502 0.3188537657260895 862
1721327360583 0.3178614377975464 865
1721327360665 0.3171949088573456 867
1721327360696 0.31688791513442993 868
1721327360609 0.3175205588340759 866
1721327360722 0.31657785177230835 869
1721327360783 0.3159066140651703 871
1721327360812 0.3155946731567383 872
1721327360838 0.31529271602630615 873
1721327360751 0.3162340223789215 870
1721327360862 0.3149760663509369 874
1721327360992 0.31402283906936646 877
1721327360964 0.3143599331378937 876
1721327361018 0.3136797845363617 878
1721327361072 0.31307706236839294 880
1721327361045 0.31334882974624634 879
1721327361097 0.31273889541625977 881
1721327361183 0.31207677721977234 883
1721327361124 0.31237998604774475 882
1721327361214 0.3117571473121643 884
1721327361246 0.3114542067050934 885
1721327361287 0.31116965413093567 886
1721327361322 0.3108494281768799 887
1721327361350 0.31051313877105713 888
1721327361374 0.31021207571029663 889
1721327361401 0.3098917603492737 890
1721327361509 0.3092375695705414 892
1721327361540 0.30892297625541687 893
1721327361567 0.3086020350456238 894
1721327361449 0.3095778822898865 891
1721327361598 0.308274507522583 895
1721327361623 0.3079410791397095 896
1721327361675 0.3073062300682068 898
1721327361650 0.30763185024261475 897
1721327361701 0.30702531337738037 899
1721327361793 0.3063678741455078 901
1721327361762 0.3066583573818207 900
1721327361820 0.3061293363571167 902
1721327361873 0.30553582310676575 904
1721327361905 0.30518749356269836 905
1721327361846 0.3058510720729828 903
1721327361987 0.30425092577934265 908
1721327361960 0.3045899271965027 907
1721327361933 0.30489668250083923 906
1721327362041 0.3038838505744934 909
1721327362073 0.3035922646522522 910
1721327362100 0.30330103635787964 911
1721327362124 0.30294662714004517 912
1721327362178 0.3023673892021179 914
1721327362152 0.30266082286834717 913
1721327362297 0.3014877140522003 917
1721327362205 0.3020390272140503 915
1721327362236 0.30177244544029236 916
1721327362331 0.3011690378189087 918
1721327362357 0.30085110664367676 919
1721327362384 0.30051189661026 920
1721327362409 0.3002300262451172 921
1721327362435 0.29994308948516846 922
1721327362466 0.29962158203125 923
1721327362492 0.29926905035972595 924
1721327362518 0.2989175617694855 925
1721327362594 0.29864323139190674 926
1721327362625 0.2983572781085968 927
1721327362682 0.29768916964530945 929
1721327362654 0.298038125038147 928
1721327362710 0.2974364757537842 930
1721327362740 0.2971152365207672 931
1721327362767 0.2967711091041565 932
1721327362796 0.29648640751838684 933
1721327362905 0.2961939573287964 934
1721327362934 0.29586729407310486 935
1721327362962 0.2955704927444458 936
1721327362990 0.29528188705444336 937
1721327363020 0.29497379064559937 938
1721327363049 0.2946673631668091 939
1721327363143 0.29400667548179626 941
1721327363075 0.2943311929702759 940
1721327363175 0.2937118113040924 942
1721327363202 0.2933990955352783 943
1721327363504 0.2927486300468445 945
1721327363232 0.2930591404438019 944
1721327363540 0.29245731234550476 946
1721327363630 0.29155752062797546 949
1721327363569 0.2921338677406311 947
1721327363602 0.2918444275856018 948
1721327363697 0.2912515103816986 950
1721327363729 0.29095062613487244 951
1721327363786 0.2903245985507965 953
1721327363759 0.29063624143600464 952
1721327363816 0.2900601625442505 954
1721327363880 0.289434552192688 956
1721327363849 0.28973379731178284 955
1721327363977 0.2888363003730774 958
1721327364012 0.2885456085205078 959
1721327364038 0.288232684135437 960
1721327364066 0.287915974855423 961
1721327364093 0.28765982389450073 962
1721327364124 0.2873166799545288 963
1721327364152 0.2870117425918579 964
1721327364298 0.2861330807209015 967
1721327364213 0.28642550110816956 966
1721327364330 0.28584566712379456 968
1721327364360 0.2855426073074341 969
1721327364180 0.2867121994495392 965
1721327364394 0.28523415327072144 970
1721327364424 0.2849426567554474 971
1721327364452 0.28465425968170166 972
1721327364483 0.28437894582748413 973
1721327364566 0.28404247760772705 974
1721327364673 0.2828528583049774 978
1721327364623 0.28346502780914307 976
1721327364649 0.28316596150398254 977
1721327364699 0.28259873390197754 979
1721327364591 0.2837532162666321 975
1721327364724 0.28226447105407715 980
1721327364751 0.28200578689575195 981
1721327364810 0.28173574805259705 982
1721327364842 0.28144916892051697 983
1721327364894 0.2808678150177002 985
1721327364926 0.28056493401527405 986
1721327364954 0.2802487015724182 987
1721327364869 0.2811632454395294 984
1721327364983 0.2799648940563202 988
1721327365035 0.2793926000595093 990
1721327365008 0.27966737747192383 989
1721327365101 0.2790873050689697 991
1721327365152 0.27845466136932373 993
1721327365125 0.2787938714027405 992
1721327365211 0.27792227268218994 995
1721327365239 0.27763456106185913 996
1721327365184 0.27819398045539856 994
1721327365327 0.2770495116710663 998
1721327365268 0.2773323655128479 997
1721327365359 0.2767861783504486 999
