1721325611215 0.75 0
1721325611256 0.75 1
1721325611311 0.75 2
1721325611363 0.75 3
1721325611421 0.75 4
1721325611523 0.75 5
1721325611586 0.75 6
1721325611698 0.75 7
1721325611839 0.75 9
1721325611763 0.75 8
1721325611907 0.75 10
1721325612038 0.75 12
1721325611974 0.75 11
1721325612249 0.75 15
1721325612114 0.75 13
1721325612316 0.75 16
1721325612181 0.75 14
1721325612443 0.75 18
1721325612630 0.75 19
1721325612378 0.75 17
1721325612705 0.75 20
1721325612772 0.75 21
1721325612832 0.75 22
1721325612971 0.75 24
1721325612898 0.75 23
1721325613048 0.75 25
1721325613273 0.75 28
1721325613120 0.75 26
1721325613189 0.75 27
1721325613345 0.75 29
1721325613504 0.75 31
1721325613429 0.75 30
1721325613586 0.75 32
1721325613783 0.75 35
1721325613718 0.75 34
1721325613652 0.75 33
1721325613899 0.75 37
1721325613845 0.75 36
1721325613939 0.75 38
1721325613966 0.75 39
1721325614019 0.75 41
1721325613993 0.75 40
1721325614099 0.75 44
1721325614047 0.75 42
1721325614177 0.75 47
1721325614072 0.75 43
1721325614151 0.75 46
1721325614124 0.75 45
1721325614227 0.75 49
1721325614201 0.75 48
1721325614253 0.75 50
1721325614280 0.75 51
1721325614306 0.75 52
1721325614333 0.75 53
1721325614417 0.5 56
1721325614389 0.5 55
1721325614471 0.5 58
1721325614444 0.5 57
1721325614361 0.5 54
1721325614500 0.5 59
1721325614530 0.5 60
1721325614607 0.5 63
1721325614554 0.5 61
1721325614582 0.5 62
1721325614634 0.5 64
1721325614661 0.5 65
1721325614711 0.5 67
1721325614685 0.5 66
1721325614736 0.5 68
1721325614765 0.5 69
1721325614793 0.5 70
1721325614821 0.5 71
1721325614850 0.5 72
1721325614923 0.5 73
1721325614981 0.5 75
1721325614952 0.5 74
1721325615035 0.5 77
1721325615008 0.5 76
1721325615063 0.5 78
1721325615104 0.5 79
1721325615148 0.5 80
1721325615181 0.5 81
1721325615255 0.5 83
1721325615286 0.5 84
1721325615322 0.5 85
1721325615353 0.5 86
1721325615387 0.5 87
1721325615452 0.5 89
1721325615423 0.5 88
1721325615479 0.5 90
1721325615505 0.5 91
1721325615534 0.5 92
1721325615587 0.5 94
1721325615560 0.5 93
1721325615647 0.5 96
1721325615678 0.5 97
1721325615616 0.5 95
1721325615704 0.5 98
1721325615763 0.5 100
1721325615734 0.5 99
1721325615789 0.5 101
1721325615817 0.5 102
1721325615846 0.5 103
1721325615871 0.5 104
1721325615928 0.5 106
1721325615900 0.5 105
1721325615953 0.5 107
1721325616013 0.5 109
1721325615983 0.5 108
1721325616039 0.5 110
1721325616068 0.5 111
1721325616121 0.5 113
1721325616095 0.5 112
1721325616148 0.5 114
1721325616174 0.5 115
1721325616202 0.5 116
1721325616269 0.5 117
1721325616305 0.5 118
1721325616385 0.5 121
1721325616331 0.5 119
1721325616357 0.5 120
1721325616412 0.5 122
1721325616466 0.5 124
1721325616438 0.5 123
1721325616495 0.5 125
1721325616549 0.5 127
1721325616574 0.5 128
1721325616521 0.5 126
1721325616600 0.5 129
1721325616654 0.5 131
1721325616686 0.5 132
1721325616716 0.5 133
1721325616769 0.5 135
1721325616743 0.5 134
1721325616799 0.5 136
1721325616895 0.5 139
1721325616830 0.5 137
1721325616863 0.5 138
1721325616922 0.5 140
1721325616951 0.5 141
1721325616977 0.5 142
1721325617003 0.5 143
1721325617057 0.5 145
1721325617085 0.5 146
1721325617031 0.5 144
1721325617113 0.5 147
1721325617138 0.5 148
1721325617195 0.5 150
1721325617248 0.5 152
1721325617220 0.5 151
1721325617301 0.5 154
1721325617275 0.5 153
1721325617329 0.5 155
1721325617355 0.5 156
1721325617386 0.5 157
1721325617450 0.5 158
1721325617483 0.5 159
1721325617512 0.5 160
1721325617565 0.5 162
1721325617537 0.5 161
1721325617618 0.5 164
1721325617590 0.5 163
1721325617646 0.5 165
1721325617674 0.5 166
1721325617701 0.5 167
1721325617729 0.5 168
1721325617754 0.5 169
1721325617782 0.5 170
1721325617815 0.5 171
1721325617845 0.5 172
1721325617873 0.5 173
1721325617900 0.5 174
1721325617928 0.5 175
1721325618036 0.5 179
1721325617981 0.5 177
1721325617954 0.5 176
1721325618009 0.5 178
1721325618064 0.5 180
1721325618092 0.5 181
1721325618170 0.5 184
1721325618145 0.5 183
1721325618118 0.5 182
1721325618225 0.5 186
1721325618281 0.5 188
1721325618198 0.5 185
1721325618253 0.5 187
1721325618309 0.5 189
1721325618334 0.5 190
1721325618360 0.5 191
1721325618421 0.5 192
1721325618454 0.5 193
1721325618483 0.5 194
1721325618565 0.5 197
1721325618510 0.5 195
1721325618592 0.5 198
1721325618538 0.5 196
1721325618622 0.5 199
1721325618762 0.5 203
1721325618721 0.5 202
1721325618688 0.5 201
1721325618656 0.5 200
1721325618801 0.5 204
1721325618839 0.5 205
1721325618916 0.5 207
1721325618879 0.5 206
1721325618979 0.5 209
1721325618947 0.5 208
1721325619067 0.5 212
1721325619039 0.5 211
1721325619006 0.5 210
1721325619098 0.5 213
1721325619126 0.5 214
1721325619155 0.5 215
1721325619185 0.5 216
1721325619215 0.5 217
1721325619245 0.5 218
1721325619278 0.5 219
1721325619306 0.5 220
1721325619417 0.5 222
1721325619447 0.5 223
1721325619477 0.5 224
1721325619389 0.5 221
1721325619505 0.5 225
1721325619537 0.5 226
1721325619571 0.5 227
1721325619633 0.5 229
1721325619599 0.5 228
1721325619668 0.5 230
1721325619728 0.5 232
1721325619756 0.5 233
1721325619814 0.5 235
1721325619890 0.5 236
1721325619784 0.5 234
1721325619919 0.5 237
1721325619949 0.5 238
1721325619980 0.5 239
1721325620038 0.5 241
1721325620010 0.5 240
1721325620067 0.5 242
1721325620098 0.5 243
1721325620127 0.5 244
1721325620218 0.5 247
1721325620155 0.5 245
1721325620189 0.5 246
1721325620282 0.5 249
1721325620249 0.5 248
1721325620416 0.5 252
1721325620348 0.5 250
1721325620381 0.5 251
1721325620470 0.5 254
1721325620444 0.5 253
1721325620532 0.5 256
1721325620560 0.5 257
1721325620502 0.5 255
1721325620586 0.5 258
1721325620614 0.5 259
1721325620697 0.5 262
1721325620642 0.5 260
1721325620726 0.5 263
1721325620669 0.5 261
1721325620754 0.5 264
1721325620817 0.5 266
1721325620785 0.5 265
1721325620846 0.5 267
1721325620873 0.5 268
1721325620905 0.5 269
1721325620933 0.5 270
1721325621019 0.5 273
1721325620962 0.5 271
1721325620988 0.5 272
1721325621048 0.5 274
1721325621075 0.5 275
1721325621168 0.5 277
1721325621142 0.5 276
1721325621198 0.5 278
1721325621225 0.5 279
1721325621283 0.5 281
1721325621254 0.5 280
1721325621335 0.5 283
1721325621311 0.5 282
1721325621364 0.5 284
1721325621390 0.5 285
1721325621447 0.5 287
1721325621419 0.5 286
1721325621480 0.5 288
1721325621507 0.5 289
1721325621563 0.5 291
1721325621589 0.5 292
1721325621535 0.5 290
1721325621645 0.5 294
1721325621617 0.5 293
1721325621669 0.5 295
1721325621699 0.5 296
1721325621726 0.5 297
1721325621822 0.5 299
1721325621786 0.5 298
1721325621874 0.5 301
1721325621944 0.5 302
1721325621849 0.5 300
1721325621971 0.5 303
1721325622001 0.5 304
1721325622029 0.5 305
1721325622055 0.5 306
1721325622139 0.5 309
1721325622085 0.5 307
1721325622114 0.5 308
1721325622224 0.5 312
1721325622196 0.5 311
1721325622168 0.5 310
1721325622254 0.5 313
1721325622283 0.5 314
1721325622315 0.5 315
1721325622341 0.5 316
1721325622397 0.5 318
1721325622368 0.5 317
1721325622431 0.5 319
1721325622460 0.5 320
1721325622564 0.5 321
1721325622594 0.5 322
1721325622620 0.5 323
1721325622650 0.5 324
1721325622677 0.5 325
1721325622761 0.5 328
1721325622704 0.5 326
1721325622733 0.5 327
1721325622786 0.5 329
1721325622814 0.5 330
1721325622901 0.5 333
1721325622871 0.5 332
1721325622845 0.5 331
1721325622931 0.5 334
1721325623015 0.5 337
1721325622959 0.5 335
1721325623070 0.5 339
1721325622987 0.5 336
1721325623043 0.5 338
1721325623099 0.5 340
1721325623127 0.5 341
1721325623180 0.5 342
1721325623239 0.5 344
1721325623212 0.5 343
1721325623267 0.5 345
1721325623294 0.5 346
1721325623321 0.5 347
1721325623380 0.5 349
1721325623408 0.5 350
1721325623435 0.5 351
1721325623465 0.5 352
1721325623494 0.5 353
1721325623549 0.5 355
1721325623520 0.5 354
1721325623633 0.5 358
1721325623576 0.5 356
1721325623687 0.5 360
1721325623661 0.5 359
1721325623604 0.5 357
1721325623718 0.5 361
1721325623747 0.5 362
1721325623838 0.5 363
1721325623869 0.5 364
1721325623897 0.5 365
1721325623921 0.5 366
1721325623950 0.5 367
1721325623981 0.5 368
1721325624009 0.5 369
1721325624035 0.5 370
1721325624064 0.5 371
1721325624092 0.5 372
1721325624148 0.5 374
1721325624119 0.5 373
1721325624181 0.5 375
1721325624208 0.5 376
1721325624235 0.5 377
1721325624264 0.5 378
1721325624290 0.5 379
1721325624320 0.5 380
1721325624349 0.5 381
1721325624377 0.5 382
1721325624433 0.5 383
1721325624544 0.5 387
1721325624517 0.5 386
1721325624571 0.5 388
1721325624463 0.5 384
1721325624490 0.5 385
1721325624597 0.5 389
1721325624624 0.5 390
1721325624653 0.5 391
1721325624713 0.5 393
1721325624682 0.5 392
1721325624799 0.5 396
1721325624826 0.5 397
1721325624740 0.5 394
1721325624770 0.5 395
1721325624854 0.5 398
1721325624885 0.5 399
1721325624915 0.5 400
1721325624981 0.5 401
1721325625008 0.5 402
1721325625063 0.5 404
1721325625035 0.5 403
1721325625117 0.5 406
1721325625143 0.5 407
1721325625170 0.5 408
1721325625227 0.5 410
1721325625091 0.5 405
1721325625200 0.5 409
1721325625252 0.5 411
1721325625281 0.5 412
1721325625418 0.5 417
1721325625307 0.5 413
1721325625390 0.5 416
1721325625362 0.5 415
1721325625335 0.5 414
1721325625517 0.5 419
1721325625544 0.5 420
1721325625484 0.5 418
1721325625572 0.5 421
1721325625599 0.5 422
1721325625634 0.5 423
1721325625662 0.5 424
1721325625771 0.5 428
1721325625689 0.5 425
1721325625827 0.5 430
1721325625745 0.5 427
1721325625799 0.5 429
1721325625717 0.5 426
1721325625854 0.5 431
1721325625883 0.5 432
1721325625935 0.5 434
1721325626029 0.5 436
1721325626059 0.5 437
1721325625997 0.5 435
1721325625910 0.5 433
1721325626085 0.5 438
1721325626140 0.5 440
1721325626112 0.5 439
1721325626167 0.5 441
1721325626195 0.5 442
1721325626255 0.5 444
1721325626364 0.5 448
1721325626336 0.5 447
1721325626282 0.5 445
1721325626309 0.5 446
1721325626392 0.5 449
1721325626420 0.5 450
1721325626449 0.5 451
1721325626504 0.5 452
1721325626591 0.5 455
1721325626564 0.5 454
1721325626619 0.5 456
1721325626677 0.5 458
1721325626536 0.5 453
1721325626706 0.5 459
1721325626648 0.5 457
1721325626733 0.5 460
1721325626761 0.5 461
1721325626788 0.5 462
1721325626846 0.5 464
1721325626910 0.5 466
1721325626881 0.5 465
1721325626815 0.5 463
1721325626991 0.5 467
1721325627016 0.5 468
1721325627044 0.5 469
1721325627068 0.5 470
1721325627096 0.5 471
1721325627123 0.5 472
1721325627150 0.5 473
1721325627203 0.5 475
1721325627177 0.5 474
1721325627230 0.5 476
1721325627258 0.5 477
1721325627314 0.5 479
1721325627285 0.5 478
1721325627340 0.5 480
1721325627366 0.5 481
1721325627477 0.5 485
1721325627421 0.5 483
1721325627449 0.5 484
1721325627393 0.5 482
1721325627538 0.5 486
1721325627570 0.5 487
1721325627627 0.5 489
1721325627599 0.5 488
1721325627656 0.5 490
1721325627686 0.5 491
1721325627716 0.5 492
1721325627799 0.5 495
1721325627744 0.5 493
1721325627771 0.5 494
1721325627826 0.5 496
1721325627854 0.5 497
1721325627883 0.5 498
1721325627910 0.5 499
1721325627935 0.5 500
1721325627992 0.5 502
1721325627966 0.5 501
1721325628051 0.5 503
1721325628145 0.5 506
1721325628111 0.5 505
1721325628170 0.5 507
1721325628229 0.5 509
1721325628200 0.5 508
1721325628254 0.5 510
1721325628366 0.5 514
1721325628425 0.5 516
1721325628310 0.5 512
1721325628337 0.5 513
1721325628282 0.5 511
1721325628518 0.5 518
1721325628484 0.5 517
1721325628545 0.5 519
1721325628396 0.5 515
1721325628574 0.5 520
1721325628663 0.5 523
1721325628607 0.5 521
1721325628719 0.5 525
1721325628691 0.5 524
1721325628749 0.5 526
1721325628634 0.5 522
1721325628803 0.5 528
1721325628776 0.5 527
1721325628832 0.5 529
1721325628860 0.5 530
1721325628891 0.5 531
1721325629008 0.5 534
1721325628916 0.5 532
1721325629036 0.5 535
1721325629093 0.5 537
1721325628943 0.5 533
1721325629065 0.5 536
1721325629119 0.5 538
1721325629152 0.5 539
1721325629179 0.5 540
1721325629207 0.5 541
1721325629263 0.5 543
1721325629234 0.5 542
1721325629290 0.5 544
1721325629320 0.5 545
1721325629349 0.5 546
1721325629379 0.5 547
1721325629405 0.5 548
1721325629432 0.5 549
1721325629495 0.5 550
1721325629530 0.5 551
1721325629641 0.5 555
1721325629613 0.5 554
1721325629667 0.5 556
1721325629695 0.5 557
1721325629584 0.5 553
1721325629731 0.5 558
1721325629757 0.5 559
1721325629786 0.5 560
1721325629845 0.5 562
1721325629874 0.5 563
1721325629909 0.5 564
1721325629817 0.5 561
1721325629943 0.5 565
1721325630027 0.5 566
1721325630054 0.5 567
1721325630084 0.5 568
1721325630109 0.5 569
1721325630134 0.5 570
1721325630190 0.5 572
1721325630163 0.5 571
1721325630306 0.5 576
1721325630279 0.5 575
1721325630250 0.5 574
1721325630218 0.5 573
1721325630333 0.5 577
1721325630360 0.5 578
1721325630386 0.5 579
1721325630415 0.5 580
1721325630469 0.5 582
1721325630442 0.5 581
1721325630553 0.5 583
1721325630580 0.5 584
1721325630635 0.5 586
1721325630607 0.5 585
1721325630664 0.5 587
1721325630690 0.5 588
1721325630719 0.5 589
1721325630775 0.5 591
1721325630748 0.5 590
1721325630835 0.5 593
1721325630808 0.5 592
1721325630863 0.5 594
1721325630930 0.5 595
1721325630963 0.5 596
1721325630988 0.5 597
1721325631016 0.5 598
1721325631045 0.5 599
1721325631098 0.5 601
1721325631124 0.5 602
1721325631071 0.5 600
1721325631152 0.5 603
1721325631180 0.5 604
1721325631206 0.5 605
1721325631233 0.5 606
1721325631306 0.5 607
1721325631339 0.5 608
1721325631367 0.5 609
1721325631394 0.5 610
1721325631499 0.5 614
1721325631448 0.5 612
1721325631421 0.5 611
1721325631527 0.5 615
1721325631474 0.5 613
1721325631553 0.5 616
1721325631579 0.5 617
1721325631692 0.5 619
1721325631610 0.5 618
1721325631744 0.5 621
1721325631717 0.5 620
1721325631772 0.5 622
1721325631832 0.5 624
1721325631800 0.5 623
1721325631861 0.5 625
1721325631918 0.5 627
1721325631891 0.5 626
1721325631946 0.5 628
1721325631973 0.5 629
1721325631999 0.5 630
1721325632029 0.5 631
1721325632055 0.5 632
1721325632136 0.5 634
1721325632168 0.5 635
1721325632091 0.5 633
1721325632195 0.5 636
1721325632220 0.5 637
1721325632254 0.5 638
1721325632279 0.5 639
1721325632305 0.5 640
1721325632358 0.5 642
1721325632411 0.5 644
1721325632384 0.5 643
1721325632332 0.5 641
1721325632437 0.5 645
1721325632495 0.5 646
1721325632526 0.5 647
1721325632553 0.5 648
1721325632580 0.5 649
1721325632607 0.5 650
1721325632632 0.5 651
1721325632687 0.5 653
1721325632723 0.5 654
1721325632660 0.5 652
1721325632750 0.5 655
1721325632781 0.5 656
1721325632808 0.5 657
1721325632865 0.5 659
1721325632836 0.5 658
1721325632896 0.5 660
1721325632924 0.5 661
1721325632952 0.5 662
1721325633020 0.5 663
1721325633141 0.5 667
1721325633053 0.5 664
1721325633083 0.5 665
1721325633112 0.5 666
1721325633169 0.5 668
1721325633202 0.5 669
1721325633262 0.5 671
1721325633290 0.5 672
1721325633318 0.5 673
1721325633232 0.5 670
1721325633349 0.5 674
1721325633379 0.5 675
1721325633409 0.5 676
1721325633468 0.5 678
1721325633437 0.5 677
1721325633511 0.5 679
1721325633564 0.5 680
1721325633592 0.5 681
1721325633619 0.5 682
1721325633650 0.5 683
1721325633674 0.5 684
1721325633701 0.5 685
1721325633728 0.5 686
1721325633754 0.5 687
1721325633780 0.5 688
1721325633834 0.5 690
1721325633859 0.5 691
1721325633809 0.5 689
1721325633891 0.5 692
1721325633975 0.5 695
1721325633947 0.5 694
1721325633920 0.5 693
1721325634000 0.5 696
1721325634034 0.5 697
1721325634156 0.5 700
1721325634185 0.5 701
1721325634212 0.5 702
1721325634238 0.5 703
1721325634131 0.5 699
1721325634096 0.5 698
1721325634264 0.5 704
1721325634328 0.5 706
1721325634290 0.5 705
1721325634359 0.5 707
1721325634410 0.5 709
1721325634435 0.5 710
1721325634473 0.5 711
1721325634383 0.5 708
1721325634532 0.5 713
1721325634502 0.5 712
1721325634589 0.5 715
1721325634560 0.5 714
1721325634625 0.5 716
1721325634659 0.5 717
1721325634762 0.5 719
1721325634793 0.5 720
1721325634858 0.5 722
1721325634725 0.5 718
1721325634828 0.5 721
1721325634892 0.5 723
1721325634955 0.5 725
1721325635013 0.5 727
1721325635042 0.5 728
1721325634921 0.5 724
1721325634985 0.5 726
1721325635128 0.5 731
1721325635071 0.5 729
1721325635099 0.5 730
1721325635185 0.5 733
1721325635158 0.5 732
1721325635213 0.5 734
1721325635332 0.5 737
1721325635303 0.5 736
1721325635368 0.5 738
1721325635271 0.5 735
1721325635397 0.5 739
1721325635426 0.5 740
1721325635483 0.5 742
1721325635454 0.5 741
1721325635510 0.5 743
1721325635575 0.5 745
1721325635540 0.5 744
1721325635660 0.5 746
1721325635693 0.5 747
1721325635730 0.5 748
1721325635830 0.5 751
1721325635795 0.5 750
1721325635870 0.5 752
1721325635910 0.5 753
1721325635939 0.5 754
1721325635971 0.5 755
1721325636002 0.5 756
1721325636033 0.5 757
1721325636062 0.5 758
1721325636093 0.5 759
1721325636149 0.5 761
1721325636178 0.5 762
1721325636121 0.5 760
1721325636206 0.5 763
1721325636281 0.5 764
1721325636310 0.5 765
1721325636367 0.5 767
1721325636400 0.5 768
1721325636338 0.5 766
1721325636436 0.5 769
1721325636467 0.5 770
1721325636496 0.5 771
1721325636524 0.5 772
1721325636551 0.5 773
1721325636582 0.5 774
1721325636617 0.5 775
1721325636711 0.5 777
1721325636741 0.5 778
1721325636767 0.5 779
1721325636794 0.5 780
1721325636821 0.5 781
1721325636849 0.5 782
1721325636876 0.5 783
1721325636963 0.5 786
1721325636934 0.5 785
1721325636909 0.5 784
1721325637017 0.5 788
1721325636991 0.5 787
1721325637044 0.5 789
1721325637076 0.5 790
1721325637104 0.5 791
1721325637131 0.5 792
1721325637160 0.5 793
1721325637224 0.5 794
1721325637287 0.5 796
1721325637371 0.5 799
1721325637260 0.5 795
1721325637344 0.5 798
1721325637315 0.5 797
1721325637431 0.5 801
1721325637400 0.5 800
1721325637459 0.5 802
1721325637495 0.5 803
1721325637549 0.5 805
1721325637521 0.5 804
1721325637576 0.5 806
1721325637603 0.5 807
1721325637628 0.5 808
1721325637684 0.5 810
1721325637659 0.5 809
1721325637710 0.5 811
1721325637738 0.5 812
1721325637766 0.5 813
1721325637851 0.5 816
1721325637791 0.5 814
1721325637818 0.5 815
1721325637907 0.5 818
1721325637878 0.5 817
1721325638026 0.5 821
1721325637968 0.5 819
1721325637999 0.5 820
1721325638051 0.5 822
1721325638077 0.5 823
1721325638105 0.5 824
1721325638158 0.5 826
1721325638131 0.5 825
1721325638293 0.5 829
1721325638319 0.5 830
1721325638238 0.5 827
1721325638347 0.5 831
1721325638264 0.5 828
1721325638376 0.5 832
1721325638404 0.5 833
1721325638496 0.5 835
1721325638589 0.5 838
1721325638561 0.5 837
1721325638650 0.5 840
1721325638435 0.5 834
1721325638617 0.5 839
1721325638532 0.5 836
1721325638681 0.5 841
1721325638708 0.5 842
1721325638734 0.5 843
1721325638761 0.5 844
1721325638791 0.5 845
1721325638843 0.5 847
1721325638817 0.5 846
1721325638869 0.5 848
1721325638933 0.5 849
1721325638993 0.5 851
1721325638967 0.5 850
1721325639025 0.5 852
1721325639050 0.5 853
1721325639077 0.5 854
1721325639104 0.5 855
1721325639131 0.5 856
1721325639186 0.5 858
1721325639214 0.5 859
1721325639240 0.5 860
1721325639160 0.5 857
1721325639265 0.5 861
1721325639292 0.5 862
1721325639318 0.5 863
1721325639348 0.5 864
1721325639375 0.5 865
1721325639463 0.5 867
1721325639434 0.5 866
1721325639489 0.5 868
1721325639568 0.5 871
1721325639514 0.5 869
1721325639541 0.5 870
1721325639594 0.5 872
1721325639622 0.5 873
1721325639723 0.5 875
1721325639748 0.5 876
1721325639775 0.5 877
1721325639827 0.5 879
1721325639802 0.5 878
1721325639884 0.5 881
1721325639858 0.5 880
1721325639911 0.5 882
1721325639965 0.5 884
1721325639939 0.5 883
1721325639996 0.5 885
1721325640024 0.5 886
1721325640053 0.5 887
1721325640082 0.5 888
1721325640109 0.5 889
1721325640199 0.5 891
1721325640171 0.5 890
1721325640226 0.5 892
1721325640251 0.5 893
1721325640280 0.5 894
1721325640306 0.5 895
1721325640338 0.5 896
1721325640365 0.5 897
1721325640397 0.5 898
1721325640435 0.5 899
1721325640466 0.5 900
1721325640497 0.5 901
1721325640524 0.5 902
1721325640557 0.5 903
1721325640583 0.5 904
1721325640612 0.5 905
1721325640643 0.5 906
1721325640676 0.5 907
1721325640708 0.5 908
1721325640771 0.5 910
1721325640742 0.5 909
1721325640798 0.5 911
1721325640891 0.5 913
1721325640828 0.5 912
1721325640955 0.5 915
1721325640926 0.5 914
1721325641009 0.5 917
1721325641041 0.5 918
1721325640981 0.5 916
1721325641073 0.5 919
1721325641132 0.5 921
1721325641105 0.5 920
1721325641163 0.5 922
1721325641193 0.5 923
1721325641220 0.5 924
1721325641248 0.5 925
1721325641280 0.5 926
1721325641307 0.5 927
1721325641342 0.5 928
1721325641417 0.5 930
1721325641385 0.5 929
1721325641446 0.5 931
1721325641562 0.5 934
1721325641477 0.5 932
1721325641613 0.5 935
1721325641679 0.5 937
1721325641643 0.5 936
1721325641709 0.5 938
1721325641745 0.5 939
1721325641790 0.5 940
1721325641829 0.5 941
1721325641861 0.5 942
1721325641901 0.5 943
1721325641935 0.5 944
1721325641966 0.5 945
1721325642031 0.5 947
1721325641996 0.5 946
1721325642064 0.5 948
1721325642092 0.5 949
1721325642182 0.5 950
1721325642238 0.5 952
1721325642265 0.5 953
1721325642210 0.5 951
1721325642301 0.5 954
1721325642333 0.5 955
1721325642388 0.5 957
1721325642419 0.5 958
1721325642361 0.5 956
1721325642457 0.5 959
1721325642485 0.5 960
1721325642601 0.5 964
1721325642576 0.5 963
1721325642520 0.5 961
1721325642550 0.5 962
1721325642658 0.5 966
1721325642630 0.5 965
1721325642685 0.5 967
1721325642714 0.5 968
1721325642740 0.5 969
1721325642834 0.5 970
1721325642868 0.5 971
1721325642894 0.5 972
1721325642920 0.5 973
1721325642946 0.5 974
1721325642975 0.5 975
1721325643000 0.5 976
1721325643027 0.5 977
1721325643083 0.5 979
1721325643111 0.5 980
1721325643054 0.5 978
1721325643141 0.5 981
1721325643167 0.5 982
1721325643204 0.5 983
1721325643231 0.5 984
1721325643285 0.5 986
1721325643258 0.5 985
1721325643312 0.5 987
1721325643364 0.5 989
1721325643339 0.5 988
1721325643426 0.5 991
1721325643399 0.5 990
1721325643484 0.5 992
1721325643516 0.5 993
1721325643544 0.5 994
1721325643579 0.5 995
1721325643639 0.5 997
1721325643611 0.5 996
1721325643667 0.5 998
1721325643696 0.5 999
