1721325611215 0.6953547596931458 0
1721325611256 0.6953022480010986 1
1721325611363 0.6951932907104492 3
1721325611311 0.6952479481697083 2
1721325611698 0.6949785947799683 7
1721325611421 0.6951388716697693 4
1721325611523 0.6950847506523132 5
1721325611586 0.6950313448905945 6
1721325611839 0.6948757767677307 9
1721325611763 0.6949267983436584 8
1721325611907 0.6948268413543701 10
1721325612038 0.6947331428527832 12
1721325611974 0.6947793960571289 11
1721325612249 0.6946015954017639 15
1721325612114 0.6946884989738464 13
1721325612316 0.6945592761039734 16
1721325612181 0.694644570350647 14
1721325612630 0.6944380402565002 19
1721325612705 0.6943994164466858 20
1721325612378 0.694517970085144 17
1721325612443 0.6944775581359863 18
1721325612772 0.6943632364273071 21
1721325612832 0.6943259835243225 22
1721325612971 0.6942569613456726 24
1721325612898 0.6942910552024841 23
1721325613048 0.6942239999771118 25
1721325613120 0.6941920518875122 26
1721325613273 0.6941311359405518 28
1721325613189 0.6941611766815186 27
1721325613345 0.6941018104553223 29
1721325613504 0.6940458416938782 31
1721325613429 0.6940734386444092 30
1721325613783 0.6939436197280884 35
1721325613586 0.694019079208374 32
1721325613718 0.6939679980278015 34
1721325613652 0.6939931511878967 33
1721325613845 0.6939201354980469 36
1721325613899 0.6938998699188232 37
1721325613939 0.6938765048980713 38
1721325613966 0.6938554644584656 39
1721325614019 0.6938164234161377 41
1721325613993 0.6938356161117554 40
1721325614047 0.6937979459762573 42
1721325614099 0.6937626600265503 44
1721325614151 0.6937298774719238 46
1721325614177 0.6937143206596375 47
1721325614201 0.693699300289154 48
1721325614124 0.693746030330658 45
1721325614227 0.6936849355697632 49
1721325614253 0.6936711072921753 50
1721325614280 0.6936578154563904 51
1721325614306 0.6936450004577637 52
1721325614333 0.6936327815055847 53
1721325614471 0.6935784816741943 58
1721325614417 0.6935988068580627 56
1721325614389 0.6936096549034119 55
1721325614444 0.693588376045227 57
1721325614361 0.6936209201812744 54
1721325614500 0.6935689449310303 59
1721325614530 0.6935597658157349 60
1721325614554 0.6935510635375977 61
1721325614607 0.6935347318649292 63
1721325614582 0.6935427188873291 62
1721325614661 0.6935199499130249 65
1721325614711 0.6935063004493713 67
1721325614634 0.693527102470398 64
1721325614685 0.6935129165649414 66
1721325614736 0.6934999823570251 68
1721325614765 0.6934939622879028 69
1721325614793 0.6934881806373596 70
1721325614821 0.6934825778007507 71
1721325614850 0.6934773325920105 72
1721325614981 0.6934627294540405 75
1721325614923 0.6934722065925598 73
1721325614952 0.693467378616333 74
1721325615035 0.6934539675712585 77
1721325615008 0.6934581995010376 76
1721325615063 0.6934497952461243 78
1721325615104 0.6934458613395691 79
1721325615148 0.6934421062469482 80
1721325615181 0.6934385299682617 81
1721325615220 0.6934350728988647 82
1721325615286 0.6934285163879395 84
1721325615255 0.6934316754341125 83
1721325615322 0.6934254169464111 85
1721325615353 0.6934225559234619 86
1721325615387 0.6934196352958679 87
1721325615452 0.6934142708778381 89
1721325615423 0.6934168338775635 88
1721325615505 0.6934093236923218 91
1721325615479 0.6934117674827576 90
1721325615534 0.6934069395065308 92
1721325615587 0.6934024095535278 94
1721325615560 0.6934046149253845 93
1721325615647 0.6933981776237488 96
1721325615616 0.6934002637863159 95
1721325615704 0.6933942437171936 98
1721325615763 0.6933904886245728 100
1721325615789 0.6933887004852295 101
1721325615734 0.6933923363685608 99
1721325615817 0.6933869123458862 102
1721325615846 0.6933852434158325 103
1721325615871 0.693383514881134 104
1721325615928 0.6933803558349609 106
1721325615900 0.6933819055557251 105
1721325615953 0.6933786869049072 107
1721325615983 0.6933771967887878 108
1721325616013 0.6933757066726685 109
1721325616039 0.6933742165565491 110
1721325616068 0.6933727264404297 111
1721325616121 0.6933698654174805 113
1721325616095 0.6933712959289551 112
1721325616174 0.6933671236038208 115
1721325616148 0.6933684349060059 114
1721325616202 0.693365752696991 116
1721325616269 0.6933644413948059 117
1721325616305 0.6933630704879761 118
1721325616385 0.6933591365814209 121
1721325616331 0.693361759185791 119
1721325616357 0.693360447883606 120
1721325616412 0.6933579444885254 122
1721325616466 0.6933553814888 124
1721325616438 0.6933566331863403 123
1721325616495 0.6933541297912598 125
1721325616549 0.6933516263961792 127
1721325616574 0.6933504343032837 128
1721325616521 0.6933529376983643 126
1721325616627 0.6933480501174927 130
1721325616600 0.6933492422103882 129
1721325616654 0.6933467984199524 131
1721325616686 0.6933456063270569 132
1721325616716 0.6933444142341614 133
1721325616769 0.6933420896530151 135
1721325616743 0.6933432817459106 134
1721325616799 0.6933408975601196 136
1721325616895 0.6933374404907227 139
1721325616830 0.6933397650718689 137
1721325616863 0.6933385729789734 138
1721325616922 0.6933363080024719 140
1721325616951 0.693335235118866 141
1721325616977 0.6933340430259705 142
1721325617057 0.6933306455612183 145
1721325617003 0.6933329105377197 143
1721325617085 0.6933295130729675 146
1721325617031 0.6933318376541138 144
1721325617113 0.6933284401893616 147
1721325617138 0.6933273077011108 148
1721325617167 0.6933261752128601 149
1721325617195 0.6933250427246094 150
1721325617248 0.6933229565620422 152
1721325617220 0.6933239698410034 151
1721325617301 0.6933207511901855 154
1721325617275 0.6933218240737915 153
1721325617329 0.6933196187019348 155
1721325617355 0.6933186054229736 156
1721325617386 0.6933174729347229 157
1721325617450 0.6933164596557617 158
1721325617483 0.6933153867721558 159
1721325617512 0.6933143734931946 160
1721325617565 0.6933122873306274 162
1721325617537 0.6933132410049438 161
1721325617590 0.6933111548423767 163
1721325617618 0.6933101415634155 164
1721325617646 0.6933090686798096 165
1721325617729 0.693306028842926 168
1721325617701 0.6933070421218872 167
1721325617754 0.6933050155639648 169
1721325617674 0.6933080554008484 166
1721325617782 0.6933039426803589 170
1721325617815 0.6933029890060425 171
1721325617845 0.6933019161224365 172
1721325617873 0.6933009624481201 173
1721325617900 0.6932999491691589 174
1721325617928 0.6932989954948425 175
1721325618036 0.6932950615882874 179
1721325617954 0.6932979822158813 176
1721325618009 0.693295955657959 178
1721325617981 0.6932969093322754 177
1721325618064 0.6932940483093262 180
1721325618092 0.6932930946350098 181
1721325618170 0.6932902336120605 184
1721325618145 0.693291187286377 183
1721325618118 0.6932920813560486 182
1721325618225 0.6932883262634277 186
1721325618198 0.6932892799377441 185
1721325618281 0.6932864189147949 188
1721325618253 0.6932873725891113 187
1721325618309 0.6932855248451233 189
1721325618334 0.6932845711708069 190
1721325618360 0.6932836771011353 191
1721325618421 0.6932827234268188 192
1721325618454 0.6932817697525024 193
1721325618483 0.6932809352874756 194
1721325618565 0.6932781934738159 197
1721325618510 0.6932799816131592 195
1721325618592 0.6932773590087891 198
1721325618538 0.6932791471481323 196
1721325618622 0.6932764053344727 199
1721325618762 0.6932729482650757 203
1721325618721 0.6932737827301025 202
1721325618688 0.6932746171951294 201
1721325618656 0.6932755708694458 200
1721325618801 0.693272054195404 204
1721325618916 0.6932694315910339 207
1721325618839 0.6932711601257324 205
1721325618879 0.6932703256607056 206
1721325618979 0.6932677626609802 209
1721325618947 0.6932686567306519 208
1721325619067 0.6932651996612549 212
1721325619039 0.6932660937309265 211
1721325619006 0.6932669281959534 210
1721325619098 0.6932644248008728 213
1721325619126 0.6932635307312012 214
1721325619155 0.6932627558708191 215
1721325619185 0.693261981010437 216
1721325619215 0.6932612061500549 217
1721325619278 0.693259596824646 219
1721325619245 0.6932603120803833 218
1721325619306 0.6932587623596191 220
1721325619417 0.693257212638855 222
1721325619447 0.6932563781738281 223
1721325619477 0.6932555437088013 224
1721325619389 0.6932579278945923 221
1721325619505 0.693254828453064 225
1721325619537 0.6932539939880371 226
1721325619571 0.6932532787322998 227
1721325619633 0.6932518482208252 229
1721325619599 0.6932525038719177 228
1721325619668 0.6932510137557983 230
1721325619700 0.693250298500061 231
1721325619728 0.693249523639679 232
1721325619756 0.6932487487792969 233
1721325619814 0.6932472586631775 235
1721325619890 0.693246603012085 236
1721325619919 0.6932458877563477 237
1721325619784 0.6932480335235596 234
1721325619949 0.6932451128959656 238
1721325619980 0.693244457244873 239
1721325620067 0.6932423114776611 242
1721325620038 0.6932429075241089 241
1721325620010 0.693243682384491 240
1721325620098 0.6932415962219238 243
1721325620127 0.6932409405708313 244
1721325620218 0.6932388544082642 247
1721325620155 0.693240225315094 245
1721325620189 0.6932395100593567 246
1721325620282 0.6932374835014343 249
1721325620249 0.6932381987571716 248
1721325620416 0.693235456943512 252
1721325620348 0.6932368278503418 250
1721325620381 0.6932361125946045 251
1721325620470 0.6932340860366821 254
1721325620444 0.6932348012924194 253
1721325620532 0.6932328939437866 256
1721325620502 0.6932334899902344 255
1721325620560 0.6932321786880493 257
1721325620586 0.6932315826416016 258
1721325620614 0.693230926990509 259
1721325620669 0.6932296752929688 261
1721325620697 0.6932290196418762 262
1721325620726 0.6932284235954285 263
1721325620642 0.6932302713394165 260
1721325620754 0.6932277679443359 264
1721325620817 0.6932265758514404 266
1721325620846 0.6932259798049927 267
1721325620785 0.693227231502533 265
1721325620873 0.6932253837585449 268
1721325620905 0.6932247877120972 269
1721325620933 0.6932241916656494 270
1721325621019 0.6932224035263062 273
1721325620988 0.6932229995727539 272
1721325620962 0.6932235956192017 271
1721325621048 0.6932218670845032 274
1721325621075 0.6932212114334106 275
1721325621168 0.6932201385498047 277
1721325621142 0.6932206749916077 276
1721325621198 0.6932195425033569 278
1721325621225 0.6932189464569092 279
1721325621283 0.6932178735733032 281
1721325621254 0.6932184100151062 280
1721325621335 0.6932168006896973 283
1721325621311 0.6932173371315002 282
1721325621364 0.6932162642478943 284
1721325621390 0.6932157278060913 285
1721325621447 0.6932146549224854 287
1721325621419 0.6932151913642883 286
1721325621480 0.6932141184806824 288
1721325621507 0.6932135820388794 289
1721325621563 0.6932125091552734 291
1721325621535 0.6932131052017212 290
1721325621589 0.6932120323181152 292
1721325621645 0.6932109594345093 294
1721325621617 0.6932114958763123 293
1721325621669 0.6932104825973511 295
1721325621699 0.6932100057601929 296
1721325621822 0.6932085156440735 299
1721325621726 0.6932094693183899 297
1721325621786 0.6932089328765869 298
1721325621874 0.6932075023651123 301
1721325621944 0.6932070255279541 302
1721325621849 0.6932079792022705 300
1721325621971 0.6932065486907959 303
1721325622001 0.6932060122489929 304
1721325622029 0.6932055950164795 305
1721325622055 0.6932051181793213 306
1721325622085 0.6932046413421631 307
1721325622139 0.6932036876678467 309
1721325622114 0.6932041645050049 308
1721325622196 0.693202793598175 311
1721325622224 0.6932023763656616 312
1721325622168 0.6932032704353333 310
1721325622254 0.6932018995285034 313
1721325622283 0.69320148229599 314
1721325622315 0.6932010054588318 315
1721325622397 0.6931997537612915 318
1721325622341 0.6932005882263184 316
1721325622431 0.6931992769241333 319
1721325622368 0.6932001709938049 317
1721325622460 0.6931988596916199 320
1721325622564 0.6931984424591064 321
1721325622594 0.6931979656219482 322
1721325622620 0.6931975483894348 323
1721325622650 0.6931971907615662 324
1721325622677 0.6931967735290527 325
1721325622704 0.6931963562965393 326
1721325622761 0.6931955218315125 328
1721325622733 0.6931959390640259 327
1721325622786 0.693195104598999 329
1721325622814 0.6931947469711304 330
1721325622901 0.6931935548782349 333
1721325622871 0.6931939721107483 332
1721325622845 0.6931943893432617 331
1721325622931 0.6931931376457214 334
1721325623015 0.6931920647621155 337
1721325622959 0.6931927800178528 335
1721325623043 0.693191647529602 338
1721325622987 0.6931924819946289 336
1721325623070 0.6931912899017334 339
1721325623099 0.69319087266922 340
1721325623127 0.6931905746459961 341
1721325623180 0.6931902170181274 342
1721325623239 0.6931893825531006 344
1721325623212 0.693189799785614 343
1721325623267 0.6931890845298767 345
1721325623321 0.6931883096694946 347
1721325623352 0.6931880712509155 348
1721325623380 0.6931877136230469 349
1721325623408 0.6931873559951782 350
1721325623435 0.6931869983673096 351
1721325623494 0.6931862831115723 353
1721325623465 0.6931866407394409 352
1721325623520 0.6931860446929932 354
1721325623549 0.6931856274604797 355
1721325623633 0.6931846737861633 358
1721325623687 0.6931840181350708 360
1721325623576 0.6931853294372559 356
1721325623661 0.6931843161582947 359
1721325623604 0.6931849718093872 357
1721325623718 0.6931837201118469 361
1721325623747 0.693183422088623 362
1721325623838 0.6931830644607544 363
1721325623869 0.6931827068328857 364
1721325623897 0.6931824684143066 365
1721325623921 0.693182110786438 366
1721325623950 0.6931818127632141 367
1721325623981 0.6931815147399902 368
1721325624009 0.6931812763214111 369
1721325624035 0.6931809186935425 370
1721325624064 0.6931806206703186 371
1721325624092 0.6931803822517395 372
1721325624119 0.6931800246238708 373
1721325624148 0.6931797862052917 374
1721325624181 0.6931794881820679 375
1721325624264 0.693178653717041 378
1721325624208 0.6931791305541992 376
1721325624235 0.6931788921356201 377
1721325624290 0.6931782960891724 379
1721325624320 0.6931780576705933 380
1721325624349 0.6931778192520142 381
1721325624377 0.6931775808334351 382
1721325624433 0.6931772828102112 383
1721325624517 0.6931765079498291 386
1721325624544 0.6931762099266052 387
1721325624571 0.6931759715080261 388
1721325624463 0.6931769847869873 384
1721325624490 0.6931766867637634 385
1721325624597 0.693175733089447 389
1721325624624 0.6931754350662231 390
1721325624653 0.6931751370429993 391
1721325624682 0.6931748986244202 392
1721325624713 0.6931746006011963 393
1721325624799 0.693173885345459 396

1721325624770 0.6931741833686829 395
1721325624854 0.6931734681129456 398
1721325624740 0.693174421787262 394
1721325624885 0.6931731700897217 399
1721325624915 0.6931729912757874 400
1721325624981 0.6931726932525635 401
1721325625008 0.6931724548339844 402
1721325625063 0.6931720972061157 404
1721325625035 0.6931722164154053 403
1721325625227 0.6931707262992859 410
1721325625143 0.6931713819503784 407
1721325625170 0.6931711435317993 408
1721325625117 0.6931716203689575 406
1721325625091 0.6931718587875366 405
1721325625200 0.6931710243225098 409
1721325625252 0.6931704878807068 411
1721325625281 0.6931702494621277 412
1721325625335 0.6931698322296143 414
1721325625418 0.6931692361831665 417
1721325625517 0.6931688189506531 419
1721325625390 0.693169355392456 416
1721325625362 0.6931695938110352 415
1721325625544 0.6931686401367188 420
1721325625307 0.6931700706481934 413
1721325625484 0.6931689977645874 418
1721325625572 0.6931684017181396 421
1721325625599 0.6931681632995605 422
1721325625634 0.693168044090271 423
1721325625662 0.6931678056716919 424
1721325625771 0.6931670904159546 428
1721325625827 0.6931666731834412 430
1721325625689 0.6931676268577576 425
1721325625799 0.6931668519973755 429
1721325625717 0.6931674480438232 426
1721325625745 0.6931672692298889 427
1721325625854 0.6931664943695068 431
1721325625883 0.6931663155555725 432
1721325625935 0.6931659579277039 434
1721325626029 0.6931655406951904 436
1721325626059 0.6931654214859009 437
1721325625910 0.693166196346283 433
1721325625997 0.6931657791137695 435
1721325626085 0.6931652426719666 438
1721325626140 0.6931649446487427 440
1721325626112 0.6931650638580322 439
1721325626167 0.6931647062301636 441
1721325626195 0.693164587020874 442
1721325626255 0.6931642293930054 444
1721325626220 0.6931644082069397 443
1721325626364 0.6931635737419128 448
1721325626282 0.6931641101837158 445
1721325626309 0.6931639313697815 446
1721325626336 0.6931637525558472 447
1721325626392 0.6931633949279785 449
1721325626420 0.693163275718689 450
1721325626449 0.6931631565093994 451
1721325626504 0.6931629776954651 452
1721325626564 0.6931626796722412 454
1721325626619 0.6931623220443726 456
1721325626591 0.6931625604629517 455
1721325626677 0.6931620240211487 458
1721325626536 0.6931627988815308 453
1721325626706 0.6931619644165039 459
1721325626648 0.693162202835083 457
1721325626733 0.6931617856025696 460
1721325626761 0.6931616067886353 461
1721325626788 0.6931614875793457 462
1721325626846 0.6931611895561218 464
1721325626910 0.693160891532898 466
1721325626815 0.6931613683700562 463
1721325626881 0.6931610703468323 465
1721325626991 0.6931608319282532 467
1721325627016 0.6931606531143188 468
1721325627068 0.6931604146957397 470
1721325627044 0.6931605339050293 469
1721325627096 0.6931602954864502 471
1721325627123 0.6931601166725159 472
1721325627203 0.6931597590446472 475
1721325627177 0.6931599378585815 474
1721325627150 0.6931600570678711 473
1721325627230 0.6931596398353577 476
1721325627258 0.6931595206260681 477
1721325627314 0.6931592226028442 479
1721325627285 0.6931594014167786 478
1721325627340 0.6931591033935547 480
1721325627366 0.6931590437889099 481
1721325627421 0.6931588053703308 483
1721325627477 0.6931585073471069 485
1721325627393 0.6931589245796204 482
1721325627570 0.6931582689285278 487
1721325627538 0.6931584477424622 486
1721325627449 0.6931586265563965 484
1721325627599 0.6931582689285278 488
1721325627627 0.6931580901145935 489
1721325627656 0.693157970905304 490
1721325627686 0.6931579113006592 491
1721325627799 0.693157434463501 495
1721325627716 0.6931577920913696 492
1721325627854 0.6931573152542114 497
1721325627771 0.6931575536727905 494
1721325627826 0.6931573152542114 496
1721325627744 0.6931576728820801 493
1721325627883 0.6931570768356323 498
1721325627910 0.6931570768356323 499
1721325627935 0.6931569576263428 500
1721325627992 0.6931567788124084 502
1721325627966 0.6931567788124084 501
1721325628084 0.6931565999984741 504
1721325628111 0.6931564807891846 505
1721325628051 0.6931565999984741 503
1721325628145 0.693156361579895 506
1721325628229 0.6931560635566711 509
1721325628200 0.6931561827659607 508
1721325628170 0.6931562423706055 507
1721325628254 0.6931560039520264 510
1721325628337 0.6931557059288025 513
1721325628310 0.693155825138092 512
1721325628282 0.6931559443473816 511
1721325628366 0.6931556463241577 514
1721325628518 0.6931552886962891 518
1721325628425 0.6931554079055786 516
1721325628484 0.6931554079055786 517
1721325628545 0.6931551694869995 519
1721325628396 0.6931555271148682 515
1721325628574 0.69315505027771 520
1721325628663 0.6931549310684204 523
1721325628719 0.6931546926498413 525
1721325628691 0.6931548118591309 524
1721325628607 0.69315505027771 521
1721325628749 0.6931546926498413 526
1721325628634 0.6931549310684204 522
1721325628803 0.6931543946266174 528
1721325628776 0.693154513835907 527
1721325628832 0.6931543350219727 529
1721325628860 0.6931543350219727 530
1721325628891 0.6931542158126831 531
1721325629008 0.6931540369987488 534
1721325629036 0.6931539177894592 535
1721325629093 0.6931537985801697 537
1721325628916 0.6931540966033936 532
1721325628943 0.6931540966033936 533
1721325629065 0.6931538581848145 536
1721325629119 0.6931537389755249 538
1721325629152 0.6931536197662354 539
1721325629179 0.6931535601615906 540
1721325629207 0.6931535005569458 541
1721325629234 0.693153440952301 542
1721325629263 0.6931533813476562 543
1721325629349 0.6931532025337219 546
1721325629290 0.6931533217430115 544
1721325629320 0.6931532621383667 545
1721325629379 0.6931530237197876 547
1721325629405 0.6931530237197876 548
1721325629432 0.6931529641151428 549
1721325629495 0.6931529641151428 550
1721325629558 0.6931527853012085 552
1721325629641 0.6931525468826294 555
1721325629530 0.6931528449058533 551
1721325629667 0.6931525468826294 556
1721325629613 0.6931527256965637 554
1721325629695 0.6931524872779846 557
1721325629584 0.693152666091919 553
1721325629731 0.6931524276733398 558
1721325629757 0.6931523680686951 559
1721325629786 0.6931523084640503 560
1721325629874 0.693152129650116 563
1721325629845 0.6931521892547607 562
1721325629817 0.6931523084640503 561
1721325629909 0.693152129650116 564
1721325630027 0.6931519508361816 566
1721325629943 0.6931520700454712 565
1721325630054 0.6931519508361816 567
1721325630109 0.6931518912315369 569
1721325630134 0.6931517124176025 570
1721325630190 0.6931517124176025 572
1721325630163 0.6931517124176025 571
1721325630306 0.6931514739990234 576
1721325630250 0.693151593208313 574
1721325630218 0.6931517124176025 573
1721325630279 0.6931514739990234 575
1721325630333 0.6931514143943787 577
1721325630360 0.6931514143943787 578
1721325630386 0.6931513547897339 579
1721325630415 0.6931512951850891 580
1721325630469 0.6931511759757996 582
1721325630442 0.6931512355804443 581
1721325630635 0.6931509971618652 586
1721325630580 0.6931511163711548 584
1721325630607 0.69315105676651 585
1721325630664 0.6931509375572205 587
1721325630690 0.6931509375572205 588
1721325630719 0.6931508779525757 589
1721325630748 0.6931508183479309 590
1721325630775 0.6931508779525757 591
1721325630835 0.6931507587432861 593
1721325630808 0.6931508183479309 592
1721325630863 0.6931506991386414 594
1721325630930 0.6931506395339966 595
1721325630963 0.6931505799293518 596
1721325630988 0.693150520324707 597
1721325631016 0.693150520324707 598
1721325631045 0.693150520324707 599
1721325631098 0.6931504011154175 601
1721325631124 0.6931504011154175 602
1721325631071 0.6931504607200623 600
1721325631152 0.6931503415107727 603
1721325631180 0.6931502819061279 604
1721325631206 0.6931502819061279 605
1721325631233 0.6931502819061279 606
1721325631306 0.6931501626968384 607
1721325631339 0.6931501626968384 608
1721325631367 0.6931501030921936 609
1721325631394 0.6931500434875488 610
1721325631499 0.6931500434875488 614
1721325631448 0.6931500434875488 612
1721325631421 0.6931500434875488 611
1721325631527 0.6931499242782593 615
1721325631474 0.6931499242782593 613
1721325631553 0.6931498646736145 616
1721325631579 0.6931498646736145 617
1721325631692 0.6931498050689697 619
1721325631610 0.6931498050689697 618
1721325631744 0.693149745464325 621
1721325631717 0.6931498050689697 620
1721325631772 0.693149745464325 622
1721325631800 0.6931496858596802 623
1721325631832 0.6931496262550354 624
1721325631861 0.6931496858596802 625
1721325631918 0.6931495666503906 627
1721325631891 0.6931495666503906 626
1721325631946 0.6931495070457458 628
1721325631973 0.6931495666503906 629
1721325631999 0.6931495070457458 630
1721325632029 0.6931494474411011 631
1721325632055 0.6931493878364563 632
1721325632136 0.6931493878364563 634
1721325632168 0.6931493878364563 635
1721325632091 0.6931493878364563 633
1721325632195 0.6931493282318115 636
1721325632220 0.6931493282318115 637
1721325632254 0.6931492686271667 638
1721325632279 0.693149209022522 639
1721325632305 0.693149209022522 640
1721325632358 0.693149209022522 642
1721325632411 0.6931491494178772 644
1721325632332 0.693149209022522 641
1721325632384 0.693149209022522 643
1721325632495 0.6931490898132324 646
1721325632437 0.6931490898132324 645
1721325632526 0.6931490302085876 647
1721325632553 0.6931490898132324 648
1721325632580 0.6931490302085876 649
1721325632632 0.6931489706039429 651
1721325632607 0.6931490302085876 650
1721325632723 0.6931489109992981 654
1721325632687 0.6931489706039429 653
1721325632660 0.6931489706039429 652
1721325632750 0.6931489109992981 655
1721325632808 0.6931488513946533 657
1721325632781 0.6931488513946533 656
1721325632836 0.6931487321853638 658
1721325632865 0.6931488513946533 659
1721325632896 0.6931487917900085 660
1721325632924 0.6931487321853638 661
1721325633141 0.6931486129760742 667
1721325633020 0.693148672580719 663
1721325633053 0.693148672580719 664

1721325633112 0.6931486129760742 666
1721325633083 0.693148672580719 665
1721325633169 0.693148672580719 668
1721325633202 0.693148672580719 669
1721325633262 0.6931486129760742 671
1721325633318 0.6931485533714294 673
1721325633290 0.6931486129760742 672
1721325633232 0.6931486129760742 670
1721325633349 0.6931484937667847 674
1721325633379 0.6931484937667847 675
1721325633409 0.6931484937667847 676
1721325633437 0.6931484341621399 677
1721325633468 0.6931484341621399 678
1721325633511 0.6931484937667847 679
1721325633564 0.6931483745574951 680
1721325633592 0.6931484341621399 681
1721325633619 0.6931483745574951 682
1721325633650 0.6931483745574951 683
1721325633674 0.6931483745574951 684
1721325633701 0.6931483745574951 685
1721325633728 0.6931483745574951 686
1721325633754 0.6931483149528503 687
1721325633780 0.6931482553482056 688
1721325633834 0.6931482553482056 690
1721325633809 0.6931482553482056 689
1721325633975 0.6931482553482056 695
1721325633859 0.6931482553482056 691
1721325633891 0.6931481957435608 692
1721325633947 0.6931482553482056 694
1721325633920 0.6931481957435608 693
1721325634000 0.693148136138916 696
1721325634034 0.6931481957435608 697
1721325634156 0.693148136138916 700
1721325634185 0.693148136138916 701
1721325634238 0.693148136138916 703
1721325634131 0.6931481957435608 699
1721325634096 0.693148136138916 698
1721325634212 0.693148136138916 702
1721325634328 0.6931480169296265 706
1721325634264 0.6931480765342712 704
1721325634359 0.6931480765342712 707
1721325634290 0.6931480765342712 705
1721325634435 0.6931480169296265 710
1721325634410 0.6931480169296265 709
1721325634473 0.6931480169296265 711
1721325634502 0.6931479573249817 712
1721325634532 0.6931479573249817 713
1721325634383 0.6931480765342712 708
1721325634589 0.6931479573249817 715
1721325634560 0.6931480169296265 714
1721325634762 0.6931479573249817 719
1721325634625 0.6931479573249817 716
1721325634659 0.6931479573249817 717
1721325634793 0.6931478977203369 720
1721325634858 0.6931478977203369 722
1721325634828 0.6931478977203369 721
1721325634725 0.6931479573249817 718
1721325634892 0.6931478977203369 723
1721325635013 0.6931478977203369 727
1721325634955 0.6931478977203369 725
1721325634921 0.6931478381156921 724
1721325634985 0.6931478977203369 726
1721325635042 0.6931478381156921 728
1721325635128 0.6931478381156921 731
1721325635071 0.6931478381156921 729
1721325635099 0.6931478381156921 730
1721325635185 0.6931478381156921 733
1721325635158 0.6931478381156921 732
1721325635213 0.6931478381156921 734
1721325635332 0.6931477785110474 737
1721325635303 0.6931477785110474 736
1721325635368 0.6931477785110474 738
1721325635271 0.6931477785110474 735
1721325635397 0.6931477785110474 739
1721325635426 0.6931477785110474 740
1721325635454 0.6931477785110474 741
1721325635483 0.6931477785110474 742
1721325635510 0.6931477785110474 743
1721325635575 0.6931476593017578 745
1721325635540 0.6931477785110474 744
1721325635693 0.6931477189064026 747
1721325635660 0.6931477785110474 746
1721325635795 0.6931476593017578 750
1721325635830 0.6931476593017578 751
1721325635764 0.6931476593017578 749
1721325635730 0.6931477189064026 748
1721325635870 0.6931476593017578 752
1721325635910 0.693147599697113 753
1721325635939 0.6931476593017578 754
1721325635971 0.6931476593017578 755
1721325636002 0.6931476593017578 756
1721325636033 0.6931476593017578 757
1721325636062 0.693147599697113 758
1721325636093 0.6931476593017578 759
1721325636149 0.6931476593017578 761
1721325636178 0.6931475400924683 762
1721325636121 0.6931475400924683 760
1721325636206 0.693147599697113 763
1721325636281 0.693147599697113 764
1721325636310 0.693147599697113 765
1721325636367 0.6931475400924683 767
1721325636400 0.6931475400924683 768
1721325636338 0.693147599697113 766
1721325636436 0.693147599697113 769
1721325636467 0.6931475400924683 770
1721325636496 0.6931475400924683 771
1721325636524 0.6931475400924683 772
1721325636551 0.6931475400924683 773
1721325636582 0.6931475400924683 774
1721325636741 0.6931474804878235 778
1721325636617 0.6931475400924683 775
1721325636767 0.6931475400924683 779
1721325636647 0.6931474804878235 776
1721325636794 0.6931475400924683 780
1721325636821 0.6931474208831787 781
1721325636849 0.6931474804878235 782
1721325636876 0.6931474804878235 783
1721325636963 0.6931474208831787 786
1721325636934 0.6931475400924683 785
1721325637017 0.6931474804878235 788
1721325637044 0.6931474804878235 789
1721325636909 0.6931474804878235 784
1721325636991 0.6931474208831787 787
1721325637131 0.6931474804878235 792
1721325637076 0.6931474804878235 790
1721325637104 0.6931475400924683 791
1721325637160 0.6931474208831787 793
1721325637224 0.6931474208831787 794
1721325637287 0.6931474208831787 796
1721325637371 0.6931474208831787 799
1721325637260 0.6931474208831787 795
1721325637344 0.6931474208831787 798
1721325637400 0.6931474208831787 800
1721325637315 0.6931474208831787 797
1721325637431 0.6931474208831787 801
1721325637459 0.6931474208831787 802
1721325637495 0.6931474208831787 803
1721325637549 0.6931474208831787 805
1721325637521 0.6931474208831787 804
1721325637576 0.6931474208831787 806
1721325637628 0.6931473612785339 808
1721325637684 0.6931473612785339 810
1721325637603 0.6931474208831787 807
1721325637710 0.6931474208831787 811
1721325637659 0.6931473016738892 809
1721325637738 0.6931473612785339 812
1721325637766 0.6931473612785339 813
1721325637851 0.6931474208831787 816
1721325637907 0.6931474208831787 818
1721325638026 0.6931474208831787 821
1721325637791 0.6931473612785339 814
1721325637818 0.6931473016738892 815
1721325637878 0.6931474208831787 817
1721325637968 0.6931473612785339 819
1721325637999 0.6931474208831787 820
1721325638051 0.6931474208831787 822
1721325638077 0.6931474208831787 823
1721325638158 0.6931473612785339 826
1721325638105 0.6931474208831787 824
1721325638319 0.6931473612785339 830
1721325638131 0.6931473612785339 825
1721325638238 0.6931473612785339 827
1721325638293 0.6931474208831787 829
1721325638347 0.6931473612785339 831
1721325638264 0.6931473612785339 828
1721325638376 0.6931473016738892 832
1721325638404 0.6931473612785339 833
1721325638496 0.6931473612785339 835
1721325638589 0.6931473016738892 838
1721325638561 0.6931473016738892 837
1721325638617 0.6931473612785339 839
1721325638650 0.6931473612785339 840
1721325638435 0.6931474208831787 834
1721325638532 0.6931473016738892 836
1721325638681 0.6931473016738892 841
1721325638708 0.6931473016738892 842
1721325638734 0.6931473016738892 843
1721325638761 0.6931473016738892 844
1721325638791 0.6931473612785339 845
1721325638843 0.6931473016738892 847
1721325638933 0.6931473016738892 849
1721325638817 0.6931473612785339 846
1721325638993 0.6931473016738892 851
1721325638869 0.6931473016738892 848
1721325638967 0.6931473016738892 850
1721325639025 0.6931473016738892 852
1721325639050 0.6931473612785339 853
1721325639077 0.6931473016738892 854
1721325639104 0.6931473016738892 855
1721325639131 0.6931473016738892 856
1721325639186 0.6931473016738892 858
1721325639214 0.6931473016738892 859
1721325639160 0.6931473016738892 857
1721325639240 0.6931473016738892 860
1721325639265 0.6931473016738892 861
1721325639292 0.6931473016738892 862
1721325639318 0.6931472420692444 863
1721325639348 0.6931473016738892 864
1721325639375 0.6931473016738892 865
1721325639463 0.6931473016738892 867
1721325639434 0.6931473016738892 866
1721325639568 0.6931473016738892 871
1721325639541 0.6931472420692444 870
1721325639514 0.6931473016738892 869
1721325639594 0.6931473016738892 872
1721325639622 0.6931473016738892 873
1721325639692 0.6931472420692444 874
1721325639723 0.6931472420692444 875
1721325639748 0.6931473016738892 876
1721325639802 0.6931473016738892 878
1721325639827 0.6931472420692444 879
1721325639775 0.6931472420692444 877
1721325639884 0.6931472420692444 881
1721325639858 0.6931472420692444 880
1721325639939 0.6931472420692444 883
1721325639911 0.6931472420692444 882
1721325639965 0.6931472420692444 884
1721325639996 0.6931472420692444 885
1721325640053 0.6931472420692444 887
1721325640082 0.6931472420692444 888
1721325640109 0.6931472420692444 889
1721325640199 0.6931471824645996 891
1721325640226 0.6931472420692444 892
1721325640171 0.6931472420692444 890
1721325640280 0.6931472420692444 894
1721325640251 0.6931473016738892 893
1721325640306 0.6931472420692444 895
1721325640338 0.6931473016738892 896
1721325640397 0.6931473016738892 898
1721325640365 0.6931473016738892 897
1721325640497 0.6931472420692444 901
1721325640435 0.6931473016738892 899
1721325640466 0.6931473016738892 900
1721325640524 0.6931471824645996 902
1721325640583 0.6931472420692444 904
1721325640557 0.6931472420692444 903
1721325640612 0.6931473016738892 905
1721325640676 0.6931472420692444 907
1721325640708 0.6931471824645996 908
1721325640643 0.6931472420692444 906
1721325640771 0.6931473016738892 910
1721325640798 0.6931471824645996 911
1721325640742 0.6931472420692444 909
1721325640828 0.6931472420692444 912
1721325640891 0.6931472420692444 913
1721325640926 0.6931472420692444 914
1721325640955 0.6931472420692444 915
1721325641009 0.6931472420692444 917
1721325641041 0.6931471824645996 918
1721325641073 0.6931472420692444 919
1721325640981 0.6931471824645996 916
1721325641132 0.6931471824645996 921
1721325641105 0.6931471824645996 920
1721325641163 0.6931472420692444 922
1721325641220 0.6931472420692444 924
1721325641248 0.6931472420692444 925
1721325641193 0.6931471824645996 923
1721325641280 0.6931471824645996 926
1721325641342 0.6931472420692444 928
1721325641417 0.6931471824645996 930
1721325641385 0.6931471824645996 929
1721325641446 0.6931471824645996 931
1721325641514 0.6931472420692444 933
1721325641562 0.6931471824645996 934
1721325641477 0.6931472420692444 932
1721325641613 0.6931472420692444 935
1721325641643 0.6931472420692444 936
1721325641679 0.6931471824645996 937
1721325641709 0.6931472420692444 938
1721325641745 0.6931472420692444 939
1721325641790 0.6931472420692444 940
1721325641829 0.6931472420692444 941
1721325641861 0.6931472420692444 942
1721325641901 0.6931471824645996 943
1721325641935 0.6931471824645996 944
1721325641966 0.6931471824645996 945
1721325642031 0.6931471824645996 947
1721325642064 0.6931471824645996 948
1721325641996 0.6931472420692444 946
1721325642092 0.6931471824645996 949
1721325642182 0.6931472420692444 950
1721325642210 0.6931472420692444 951
1721325642238 0.6931471824645996 952
1721325642265 0.6931471824645996 953
1721325642301 0.6931471824645996 954
1721325642333 0.6931471824645996 955
1721325642419 0.6931471824645996 958
1721325642388 0.6931471824645996 957
1721325642361 0.6931472420692444 956
1721325642457 0.6931471824645996 959
1721325642485 0.6931471824645996 960
1721325642601 0.6931471824645996 964
1721325642576 0.6931471824645996 963
1721325642520 0.6931471824645996 961
1721325642658 0.6931472420692444 966
1721325642550 0.6931472420692444 962
1721325642630 0.6931471824645996 965
1721325642685 0.6931471824645996 967
1721325642714 0.6931471824645996 968
1721325642740 0.6931471824645996 969
1721325642834 0.6931472420692444 970
1721325642868 0.6931472420692444 971
1721325642920 0.6931472420692444 973
1721325642894 0.6931471824645996 972
1721325642946 0.6931471824645996 974
1721325643000 0.6931471824645996 976
1721325642975 0.6931471824645996 975
1721325643027 0.6931471824645996 977
1721325643083 0.6931471824645996 979
1721325643111 0.6931472420692444 980
1721325643141 0.6931471824645996 981
1721325643167 0.6931471824645996 982
1721325643054 0.6931471824645996 978
1721325643204 0.6931471824645996 983
1721325643231 0.6931471824645996 984
1721325643285 0.6931471824645996 986
1721325643258 0.6931471824645996 985
1721325643312 0.6931471824645996 987
1721325643364 0.6931472420692444 989
1721325643426 0.6931471824645996 991
1721325643339 0.6931471824645996 988
1721325643399 0.6931472420692444 990
1721325643484 0.6931471824645996 992
1721325643516 0.6931471824645996 993
1721325643544 0.6931471824645996 994
1721325643639 0.6931471824645996 997
1721325643579 0.6931471824645996 995
1721325643611 0.6931471824645996 996
1721325643667 0.6931471824645996 998
1721325643696 0.6931471824645996 999
